0 0 200.036133 0.000656 -0.000344
1 0 200.036100 0.000656 -0.000446
2 0 200.036117 0.000656 -0.000393
3 0 200.036156 0.000656 -0.000411
4 0 200.036185 0.000656 -0.000400
5 0 200.036208 0.000656 -0.000403
6 0 200.036226 0.000656 -0.000400
7 0 200.036241 0.000656 -0.000399
8 0 200.036253 0.000656 -0.000398
9 0 200.036263 0.000656 -0.000397
10 0 200.036270 0.000656 -0.000397
11 0 200.036276 0.000656 -0.000396
12 0 200.036279 0.000656 -0.000396
13 0 200.036282 0.000656 -0.000395
14 0 200.036283 0.000656 -0.000395
15 0 200.036284 0.000656 -0.000394
16 0 200.036283 0.000656 -0.000394
17 0 200.036283 0.000656 -0.000393
18 0 200.036282 0.000656 -0.000393
19 0 200.036282 0.000656 -0.000393
20 0 200.036281 0.000656 -0.000393
21 0 200.036281 0.000656 -0.000393
22 0 200.036281 0.000656 -0.000392
23 0 200.036282 0.000656 -0.000392
24 0 200.036283 0.000656 -0.000392
25 0 200.036284 0.000656 -0.000392
26 0 200.036287 0.000656 -0.000392
27 0 200.036290 0.000656 -0.000392
28 0 200.036293 0.000656 -0.000391
29 0 200.036297 0.000656 -0.000391
30 0 200.036301 0.000656 -0.000391
31 0 200.036306 0.000656 -0.000391
32 0 200.036311 0.000656 -0.000391
33 0 200.036315 0.000656 -0.000391
34 0 200.036320 0.000656 -0.000391
35 0 200.036324 0.000656 -0.000390
36 0 200.036328 0.000656 -0.000390
37 0 200.036331 0.000656 -0.000390
38 0 200.036333 0.000656 -0.000390
39 0 200.036333 0.000656 -0.000389
40 0 200.036331 0.000656 -0.000389
41 0 200.036328 0.000656 -0.000389
42 0 200.036321 0.000656 -0.000388
43 0 200.036312 0.000656 -0.000387
44 0 200.036300 0.000656 -0.000387
45 0 200.036283 0.000656 -0.000385
46 0 200.036262 0.000656 -0.000388
47 0 200.036236 0.000656 -0.000378
48 0 200.036199 0.000656 -0.000396
49 0 200.036133 0.000656 -0.000344
50 0 200.036100 0.000656 -0.000446
0 1 200.036022 0.000656 -0.000253
1 1 200.035982 0.000656 -0.000355
2 1 200.036000 0.000656 -0.000302
3 1 200.036037 0.000656 -0.000319
4 1 200.036065 0.000656 -0.000309
5 1 200.036087 0.000656 -0.000311
6 1 200.036105 0.000656 -0.000309
7 1 200.036120 0.000656 -0.000308
8 1 200.036131 0.000656 -0.000307
9 1 200.036141 0.000656 -0.000306
10 1 200.036148 0.000656 -0.000305
11 1 200.036153 0.000656 -0.000305
12 1 200.036157 0.000656 -0.000304
13 1 200.036160 0.000656 -0.000304
14 1 200.036161 0.000656 -0.000303
15 1 200.036162 0.000656 -0.000303
16 1 200.036162 0.000656 -0.000302
17 1 200.036162 0.000656 -0.000302
18 1 200.036162 0.000656 -0.000302
19 1 200.036163 0.000656 -0.000302
20 1 200.036163 0.000656 -0.000301
21 1 200.036163 0.000656 -0.000301
22 1 200.036165 0.000656 -0.000301
23 1 200.036166 0.000656 -0.000301
24 1 200.036168 0.000656 -0.000301
25 1 200.036171 0.000656 -0.000301
26 1 200.036174 0.000656 -0.000300
27 1 200.036178 0.000656 -0.000300
28 1 200.036182 0.000656 -0.000300
29 1 200.036187 0.000656 -0.000300
30 1 200.036192 0.000656 -0.000300
31 1 200.036198 0.000656 -0.000300
32 1 200.036203 0.000656 -0.000300
33 1 200.036208 0.000656 -0.000299
34 1 200.036213 0.000656 -0.000299
35 1 200.036218 0.000656 -0.000299
36 1 200.036222 0.000656 -0.000299
37 1 200.036225 0.000656 -0.000299
38 1 200.036227 0.000656 -0.000298
39 1 200.036227 0.000656 -0.000298
40 1 200.036225 0.000656 -0.000298
41 1 200.036221 0.000656 -0.000297
42 1 200.036215 0.000656 -0.000297
43 1 200.036205 0.000656 -0.000296
44 1 200.036192 0.000656 -0.000296
45 1 200.036174 0.000656 -0.000294
46 1 200.036152 0.000656 -0.000296
47 1 200.036126 0.000656 -0.000287
48 1 200.036087 0.000656 -0.000305
49 1 200.036022 0.000656 -0.000253
50 1 200.035982 0.000656 -0.000355
0 2 200.008709 0.000656 -0.000299
1 2 200.008684 0.000656 -0.000400
2 2 200.008693 0.000656 -0.000348
3 2 200.008723 0.000656 -0.000365
4 2 200.008744 0.000656 -0.000355
5 2 200.008761 0.000656 -0.000357
6 2 200.008774 0.000656 -0.000354
7 2 200.008785 0.000656 -0.000354
8 2 200.008793 0.000656 -0.000353
9 2 200.008799 0.000656 -0.000352
10 2 200.008803 0.000656 -0.000351
11 2 200.008806 0.000656 -0.000350
12 2 200.008808 0.000656 -0.000350
13 2 200.008809 0.000656 -0.000349
14 2 200.008809 0.000656 -0.000349
15 2 200.008809 0.000656 -0.000349
16 2 200.008809 0.000656 -0.000348
17 2 200.008808 0.000656 -0.000348
18 2 200.008808 0.000656 -0.000348
19 2 200.008808 0.000656 -0.000347
20 2 200.008808 0.000656 -0.000347
21 2 200.008809 0.000656 -0.000347
22 2 200.008810 0.000656 -0.000347
23 2 200.008812 0.000656 -0.000347
24 2 200.008815 0.000656 -0.000346
25 2 200.008818 0.000656 -0.000346
26 2 200.008822 0.000656 -0.000346
27 2 200.008826 0.000656 -0.000346
28 2 200.008831 0.000656 -0.000346
29 2 200.008836 0.000656 -0.000346
30 2 200.008842 0.000656 -0.000346
31 2 200.008847 0.000656 -0.000345
32 2 200.008853 0.000656 -0.000345
33 2 200.008859 0.000656 -0.000345
34 2 200.008864 0.000656 -0.000345
35 2 200.008869 0.000656 -0.000345
36 2 200.008874 0.000656 -0.000345
37 2 200.008877 0.000656 -0.000344
38 2 200.008880 0.000656 -0.000344
39 2 200.008881 0.000656 -0.000344
40 2 200.008880 0.000656 -0.000343
41 2 200.008877 0.000656 -0.000343
42 2 200.008872 0.000656 -0.000343
43 2 200.008865 0.000656 -0.000342
44 2 200.008854 0.000656 -0.000342
45 2 200.008839 0.000656 -0.000339
46 2 200.008821 0.000656 -0.000342
47 2 200.008798 0.000656 -0.000332
48 2 200.008766 0.000656 -0.000350
49 2 200.008709 0.000656 -0.000299
50 2 200.008684 0.000656 -0.000400
0 3 200.008705 0.000656 -0.000299
1 3 200.008680 0.000656 -0.000400
2 3 200.008688 0.000656 -0.000348
3 3 200.008720 0.000656 -0.000365
4 3 200.008740 0.000656 -0.000355
5 3 200.008756 0.000656 -0.000357
6 3 200.008769 0.000656 -0.000354
7 3 200.008779 0.000656 -0.000354
8 3 200.008787 0.000656 -0.000353
9 3 200.008793 0.000656 -0.000352
10 3 200.008797 0.000656 -0.000351
11 3 200.008800 0.000656 -0.000350
12 3 200.008802 0.000656 -0.000350
13 3 200.008803 0.000656 -0.000349
14 3 200.008803 0.000656 -0.000349
15 3 200.008804 0.000656 -0.000349
16 3 200.008804 0.000656 -0.000348
17 3 200.008804 0.000656 -0.000348
18 3 200.008804 0.000656 -0.000348
19 3 200.008805 0.000656 -0.000347
20 3 200.008806 0.000656 -0.000347
21 3 200.008808 0.000656 -0.000347
22 3 200.008810 0.000656 -0.000347
23 3 200.008813 0.000656 -0.000347
24 3 200.008816 0.000656 -0.000346
25 3 200.008820 0.000656 -0.000346
26 3 200.008825 0.000656 -0.000346
27 3 200.008830 0.000656 -0.000346
28 3 200.008835 0.000656 -0.000346
29 3 200.008841 0.000656 -0.000346
30 3 200.008847 0.000656 -0.000346
31 3 200.008853 0.000656 -0.000345
32 3 200.008860 0.000656 -0.000345
33 3 200.008866 0.000656 -0.000345
34 3 200.008871 0.000656 -0.000345
35 3 200.008876 0.000656 -0.000345
36 3 200.008881 0.000656 -0.000345
37 3 200.008884 0.000656 -0.000344
38 3 200.008886 0.000656 -0.000344
39 3 200.008886 0.000656 -0.000344
40 3 200.008885 0.000656 -0.000343
41 3 200.008882 0.000656 -0.000343
42 3 200.008876 0.000656 -0.000343
43 3 200.008868 0.000656 -0.000342
44 3 200.008856 0.000656 -0.000342
45 3 200.008841 0.000656 -0.000339
46 3 200.008822 0.000656 -0.000342
47 3 200.008799 0.000656 -0.000332
48 3 200.008766 0.000656 -0.000350
49 3 200.008705 0.000656 -0.000299
50 3 200.008680 0.000656 -0.000400
0 4 200.008700 0.000656 -0.000299
1 4 200.008678 0.000656 -0.000400
2 4 200.008683 0.000656 -0.000348
3 4 200.008715 0.000656 -0.000365
4 4 200.008735 0.000656 -0.000355
5 4 200.008751 0.000656 -0.000357
6 4 200.008763 0.000656 -0.000354
7 4 200.008773 0.000656 -0.000354
8 4 200.008780 0.000656 -0.000353
9 4 200.008786 0.000656 -0.000352
10 4 200.008790 0.000656 -0.000351
11 4 200.008793 0.000656 -0.000350
12 4 200.008795 0.000656 -0.000350
13 4 200.008797 0.000656 -0.000349
14 4 200.008798 0.000656 -0.000349
15 4 200.008799 0.000656 -0.000349
16 4 200.008800 0.000656 -0.000348
17 4 200.008800 0.000656 -0.000348
18 4 200.008802 0.000656 -0.000348
19 4 200.008803 0.000656 -0.000347
20 4 200.008805 0.000656 -0.000347
21 4 200.008808 0.000656 -0.000347
22 4 200.008811 0.000656 -0.000347
23 4 200.008814 0.000656 -0.000347
24 4 200.008818 0.000656 -0.000346
25 4 200.008823 0.000656 -0.000346
26 4 200.008829 0.000656 -0.000346
27 4 200.008834 0.000656 -0.000346
28 4 200.008840 0.000656 -0.000346
29 4 200.008847 0.000656 -0.000346
30 4 200.008853 0.000656 -0.000346
31 4 200.008860 0.000656 -0.000345
32 4 200.008866 0.000656 -0.000345
33 4 200.008872 0.000656 -0.000345
34 4 200.008878 0.000656 -0.000345
35 4 200.008883 0.000656 -0.000345
36 4 200.008887 0.000656 -0.000345
37 4 200.008890 0.000656 -0.000344
38 4 200.008892 0.000656 -0.000344
39 4 200.008892 0.000656 -0.000344
40 4 200.008890 0.000656 -0.000343
41 4 200.008886 0.000656 -0.000343
42 4 200.008880 0.000656 -0.000343
43 4 200.008871 0.000656 -0.000342
44 4 200.008858 0.000656 -0.000342
45 4 200.008842 0.000656 -0.000339
46 4 200.008822 0.000656 -0.000342
47 4 200.008798 0.000656 -0.000332
48 4 200.008764 0.000656 -0.000350
49 4 200.008700 0.000656 -0.000299
50 4 200.008678 0.000656 -0.000400
0 5 200.008694 0.000656 -0.000299
1 5 200.008675 0.000656 -0.000400
2 5 200.008677 0.000656 -0.000348
3 5 200.008709 0.000656 -0.000365
4 5 200.008729 0.000656 -0.000355
5 5 200.008745 0.000656 -0.000357
6 5 200.008756 0.000656 -0.000354
7 5 200.008766 0.000656 -0.000354
8 5 200.008774 0.000656 -0.000353
9 5 200.008779 0.000656 -0.000352
10 5 200.008784 0.000656 -0.000351
11 5 200.008787 0.000656 -0.000350
12 5 200.008790 0.000656 -0.000350
13 5 200.008792 0.000656 -0.000349
14 5 200.008793 0.000656 -0.000349
15 5 200.008795 0.000656 -0.000349
16 5 200.008796 0.000656 -0.000348
17 5 200.008798 0.000656 -0.000348
18 5 200.008800 0.000656 -0.000348
19 5 200.008802 0.000656 -0.000347
20 5 200.008805 0.000656 -0.000347
21 5 200.008808 0.000656 -0.000347
22 5 200.008812 0.000656 -0.000347
23 5 200.008817 0.000656 -0.000347
24 5 200.008822 0.000656 -0.000346
25 5 200.008827 0.000656 -0.000346
26 5 200.008833 0.000656 -0.000346
27 5 200.008839 0.000656 -0.000346
28 5 200.008846 0.000656 -0.000346
29 5 200.008853 0.000656 -0.000346
30 5 200.008860 0.000656 -0.000346
31 5 200.008867 0.000656 -0.000345
32 5 200.008873 0.000656 -0.000345
33 5 200.008879 0.000656 -0.000345
34 5 200.008885 0.000656 -0.000345
35 5 200.008890 0.000656 -0.000345
36 5 200.008893 0.000656 -0.000345
37 5 200.008896 0.000656 -0.000344
38 5 200.008897 0.000656 -0.000344
39 5 200.008897 0.000656 -0.000344
40 5 200.008894 0.000656 -0.000343
41 5 200.008890 0.000656 -0.000343
42 5 200.008883 0.000656 -0.000343
43 5 200.008873 0.000656 -0.000342
44 5 200.008859 0.000656 -0.000342
45 5 200.008842 0.000656 -0.000339
46 5 200.008822 0.000656 -0.000342
47 5 200.008796 0.000656 -0.000332
48 5 200.008761 0.000656 -0.000350
49 5 200.008694 0.000656 -0.000299
50 5 200.008675 0.000656 -0.000400
0 6 200.008688 0.000656 -0.000299
1 6 200.008671 0.000656 -0.000400
2 6 200.008671 0.000656 -0.000348
3 6 200.008703 0.000656 -0.000365
4 6 200.008722 0.000656 -0.000355
5 6 200.008738 0.000656 -0.000357
6 6 200.008750 0.000656 -0.000354
7 6 200.008759 0.000656 -0.000354
8 6 200.008767 0.000656 -0.000353
9 6 200.008773 0.000656 -0.000352
10 6 200.008778 0.000656 -0.000351
11 6 200.008781 0.000656 -0.000350
12 6 200.008784 0.000656 -0.000350
13 6 200.008787 0.000656 -0.000349
14 6 200.008789 0.000656 -0.000349
15 6 200.008791 0.000656 -0.000349
16 6 200.008793 0.000656 -0.000348
17 6 200.008796 0.000656 -0.000348
18 6 200.008799 0.000656 -0.000348
19 6 200.008802 0.000656 -0.000347
20 6 200.008806 0.000656 -0.000347
21 6 200.008810 0.000656 -0.000347
22 6 200.008815 0.000656 -0.000347
23 6 200.008820 0.000656 -0.000347
24 6 200.008826 0.000656 -0.000346
25 6 200.008832 0.000656 -0.000346
26 6 200.008838 0.000656 -0.000346
27 6 200.008845 0.000656 -0.000346
28 6 200.008852 0.000656 -0.000346
29 6 200.008860 0.000656 -0.000346
30 6 200.008867 0.000656 -0.000346
31 6 200.008874 0.000656 -0.000345
32 6 200.008880 0.000656 -0.000345
33 6 200.008886 0.000656 -0.000345
34 6 200.008891 0.000656 -0.000345
35 6 200.008896 0.000656 -0.000345
36 6 200.008899 0.000656 -0.000345
37 6 200.008901 0.000656 -0.000344
38 6 200.008902 0.000656 -0.000344
39 6 200.008901 0.000656 -0.000344
40 6 200.008898 0.000656 -0.000343
41 6 200.008892 0.000656 -0.000343
42 6 200.008884 0.000656 -0.000343
43 6 200.008873 0.000656 -0.000342
44 6 200.008859 0.000656 -0.000342
45 6 200.008841 0.000656 -0.000339
46 6 200.008820 0.000656 -0.000342
47 6 200.008793 0.000656 -0.000332
48 6 200.008758 0.000656 -0.000350
49 6 200.008688 0.000656 -0.000299
50 6 200.008671 0.000656 -0.000400
0 7 200.008682 0.000656 -0.000299
1 7 200.008666 0.000656 -0.000400
2 7 200.008665 0.000656 -0.000348
3 7 200.008697 0.000656 -0.000365
4 7 200.008715 0.000656 -0.000355
5 7 200.008731 0.000656 -0.000357
6 7 200.008743 0.000656 -0.000354
7 7 200.008753 0.000656 -0.000354
8 7 200.008760 0.000656 -0.000353
9 7 200.008767 0.000656 -0.000352
10 7 200.008772 0.000656 -0.000351
11 7 200.008776 0.000656 -0.000350
12 7 200.008780 0.000656 -0.000350
13 7 200.008783 0.000656 -0.000349
14 7 200.008786 0.000656 -0.000349
15 7 200.008789 0.000656 -0.000349
16 7 200.008792 0.000656 -0.000348
17 7 200.008795 0.000656 -0.000348
18 7 200.008799 0.000656 -0.000348
19 7 200.008803 0.000656 -0.000347
20 7 200.008807 0.000656 -0.000347
21 7 200.008812 0.000656 -0.000347
22 7 200.008818 0.000656 -0.000347
23 7 200.008824 0.000656 -0.000347
24 7 200.008830 0.000656 -0.000346
25 7 200.008837 0.000656 -0.000346
26 7 200.008844 0.000656 -0.000346
27 7 200.008852 0.000656 -0.000346
28 7 200.008859 0.000656 -0.000346
29 7 200.008866 0.000656 -0.000346
30 7 200.008874 0.000656 -0.000346
31 7 200.008881 0.000656 -0.000345
32 7 200.008887 0.000656 -0.000345
33 7 200.008893 0.000656 -0.000345
34 7 200.008898 0.000656 -0.000345
35 7 200.008902 0.000656 -0.000345
36 7 200.008905 0.000656 -0.000345
37 7 200.008906 0.000656 -0.000344
38 7 200.008906 0.000656 -0.000344
39 7 200.008904 0.000656 -0.000344
40 7 200.008900 0.000656 -0.000343
41 7 200.008894 0.000656 -0.000343
42 7 200.008885 0.000656 -0.000343
43 7 200.008873 0.000656 -0.000342
44 7 200.008858 0.000656 -0.000342
45 7 200.008839 0.000656 -0.000339
46 7 200.008817 0.000656 -0.000342
47 7 200.008789 0.000656 -0.000332
48 7 200.008754 0.000656 -0.000350
49 7 200.008682 0.000656 -0.000299
50 7 200.008666 0.000656 -0.000400
0 8 200.008675 0.000656 -0.000299
1 8 200.008661 0.000656 -0.000400
2 8 200.008658 0.000656 -0.000348
3 8 200.008690 0.000656 -0.000365
4 8 200.008708 0.000656 -0.000355
5 8 200.008724 0.000656 -0.000357
6 8 200.008736 0.000656 -0.000354
7 8 200.008746 0.000656 -0.000354
8 8 200.008754 0.000656 -0.000353
9 8 200.008761 0.000656 -0.000352
10 8 200.008766 0.000656 -0.000351
11 8 200.008771 0.000656 -0.000350
12 8 200.008775 0.000656 -0.000350
13 8 200.008779 0.000656 -0.000349
14 8 200.008783 0.000656 -0.000349
15 8 200.008787 0.000656 -0.000349
16 8 200.008791 0.000656 -0.000348
17 8 200.008795 0.000656 -0.000348
18 8 200.008800 0.000656 -0.000348
19 8 200.008805 0.000656 -0.000347
20 8 200.008810 0.000656 -0.000347
21 8 200.008816 0.000656 -0.000347
22 8 200.008822 0.000656 -0.000347
23 8 200.008829 0.000656 -0.000347
24 8 200.008836 0.000656 -0.000346
25 8 200.008843 0.000656 -0.000346
26 8 200.008851 0.000656 -0.000346
27 8 200.008858 0.000656 -0.000346
28 8 200.008866 0.000656 -0.000346
29 8 200.008874 0.000656 -0.000346
30 8 200.008881 0.000656 -0.000346
31 8 200.008888 0.000656 -0.000345
32 8 200.008894 0.000656 -0.000345
33 8 200.008899 0.000656 -0.000345
34 8 200.008904 0.000656 -0.000345
35 8 200.008907 0.000656 -0.000345
36 8 200.008910 0.000656 -0.000345
37 8 200.008910 0.000656 -0.000344
38 8 200.008909 0.000656 -0.000344
39 8 200.008907 0.000656 -0.000344
40 8 200.008902 0.000656 -0.000343
41 8 200.008895 0.000656 -0.000343
42 8 200.008885 0.000656 -0.000343
43 8 200.008872 0.000656 -0.000342
44 8 200.008856 0.000656 -0.000342
45 8 200.008836 0.000656 -0.000339
46 8 200.008813 0.000656 -0.000342
47 8 200.008784 0.000656 -0.000332
48 8 200.008749 0.000656 -0.000350
49 8 200.008675 0.000656 -0.000299
50 8 200.008661 0.000656 -0.000400
0 9 200.008668 0.000656 -0.000299
1 9 200.008655 0.000656 -0.000400
2 9 200.008651 0.000656 -0.000348
3 9 200.008683 0.000656 -0.000365
4 9 200.008701 0.000656 -0.000355
5 9 200.008717 0.000656 -0.000357
6 9 200.008729 0.000656 -0.000354
7 9 200.008740 0.000656 -0.000354
8 9 200.008748 0.000656 -0.000353
9 9 200.008755 0.000656 -0.000352
10 9 200.008761 0.000656 -0.000351
11 9 200.008767 0.000656 -0.000350
12 9 200.008772 0.000656 -0.000350
13 9 200.008777 0.000656 -0.000349
14 9 200.008781 0.000656 -0.000349
15 9 200.008786 0.000656 -0.000349
16 9 200.008791 0.000656 -0.000348
17 9 200.008796 0.000656 -0.000348
18 9 200.008801 0.000656 -0.000348
19 9 200.008807 0.000656 -0.000347
20 9 200.008813 0.000656 -0.000347
21 9 200.008820 0.000656 -0.000347
22 9 200.008827 0.000656 -0.000347
23 9 200.008834 0.000656 -0.000347
24 9 200.008842 0.000656 -0.000346
25 9 200.008850 0.000656 -0.000346
26 9 200.008858 0.000656 -0.000346
27 9 200.008866 0.000656 -0.000346
28 9 200.008873 0.000656 -0.000346
29 9 200.008881 0.000656 -0.000346
30 9 200.008888 0.000656 -0.000346
31 9 200.008894 0.000656 -0.000345
32 9 200.008900 0.000656 -0.000345
33 9 200.008905 0.000656 -0.000345
34 9 200.008909 0.000656 -0.000345
35 9 200.008912 0.000656 -0.000345
36 9 200.008914 0.000656 -0.000345
37 9 200.008914 0.000656 -0.000344
38 9 200.008912 0.000656 -0.000344
39 9 200.008908 0.000656 -0.000344
40 9 200.008903 0.000656 -0.000343
41 9 200.008895 0.000656 -0.000343
42 9 200.008884 0.000656 -0.000343
43 9 200.008870 0.000656 -0.000342
44 9 200.008854 0.000656 -0.000342
45 9 200.008833 0.000656 -0.000339
46 9 200.008809 0.000656 -0.000342
47 9 200.008779 0.000656 -0.000332
48 9 200.008743 0.000656 -0.000350
49 9 200.008668 0.000656 -0.000299
50 9 200.008655 0.000656 -0.000400
0 10 200.008661 0.000656 -0.000299
1 10 200.008649 0.000656 -0.000400
2 10 200.008644 0.000656 -0.000348
3 10 200.008676 0.000656 -0.000365
4 10 200.008694 0.000656 -0.000355
5 10 200.008710 0.000656 -0.000357
6 10 200.008723 0.000656 -0.000354
7 10 200.008733 0.000656 -0.000354
8 10 200.008742 0.000656 -0.000353
9 10 200.008750 0.000656 -0.000352
10 10 200.008757 0.000656 -0.000351
11 10 200.008763 0.000656 -0.000351
12 10 200.008769 0.000656 -0.000350
13 10 200.008775 0.000656 -0.000349
14 10 200.008780 0.000656 -0.000349
15 10 200.008786 0.000656 -0.000349
16 10 200.008792 0.000656 -0.000348
17 10 200.008798 0.000656 -0.000348
18 10 200.008804 0.000656 -0.000348
19 10 200.008811 0.000656 -0.000347
20 10 200.008818 0.000656 -0.000347
21 10 200.008825 0.000656 -0.000347
22 10 200.008833 0.000656 -0.000347
23 10 200.008841 0.000656 -0.000347
24 10 200.008849 0.000656 -0.000346
25 10 200.008857 0.000656 -0.000346
26 10 200.008865 0.000656 -0.000346
27 10 200.008873 0.000656 -0.000346
28 10 200.008881 0.000656 -0.000346
29 10 200.008888 0.000656 -0.000346
30 10 200.008895 0.000656 -0.000346
31 10 200.008901 0.000656 -0.000345
32 10 200.008906 0.000656 -0.000345
33 10 200.008911 0.000656 -0.000345
34 10 200.008914 0.000656 -0.000345
35 10 200.008916 0.000656 -0.000345
36 10 200.008917 0.000656 -0.000345
37 10 200.008916 0.000656 -0.000344
38 10 200.008914 0.000656 -0.000344
39 10 200.008909 0.000656 -0.000344
40 10 200.008903 0.000656 -0.000343
41 10 200.008894 0.000656 -0.000343
42 10 200.008882 0.000656 -0.000343
43 10 200.008868 0.000656 -0.000342
44 10 200.008850 0.000656 -0.000342
45 10 200.008828 0.000656 -0.000339
46 10 200.008804 0.000656 -0.000342
47 10 200.008773 0.000656 -0.000332
48 10 200.008737 0.000656 -0.000350
49 10 200.008661 0.000656 -0.000299
50 10 200.008649 0.000656 -0.000400
0 11 200.008654 0.000656 -0.000299
1 11 200.008642 0.000656 -0.000400
2 11 200.008637 0.000656 -0.000348
3 11 200.008669 0.000656 -0.000365
4 11 200.008687 0.000656 -0.000355
5 11 200.008704 0.000656 -0.000357
6 11 200.008716 0.000656 -0.000354
7 11 200.008728 0.000656 -0.000354
8 11 200.008737 0.000656 -0.000353
9 11 200.008746 0.000656 -0.000352
10 11 200.008754 0.000656 -0.000351
11 11 200.008761 0.000656 -0.000351
12 11 200.008767 0.000656 -0.000350
13 11 200.008774 0.000656 -0.000349
14 11 200.008780 0.000656 -0.000349
15 11 200.008787 0.000656 -0.000349
16 11 200.008794 0.000656 -0.000348
17 11 200.008801 0.000656 -0.000348
18 11 200.008808 0.000656 -0.000348
19 11 200.008815 0.000656 -0.000347
20 11 200.008823 0.000656 -0.000347
21 11 200.008831 0.000656 -0.000347
22 11 200.008839 0.000656 -0.000347
23 11 200.008847 0.000656 -0.000347
24 11 200.008856 0.000656 -0.000346
25 11 200.008864 0.000656 -0.000346
26 11 200.008872 0.000656 -0.000346
27 11 200.008880 0.000656 -0.000346
28 11 200.008888 0.000656 -0.000346
29 11 200.008895 0.000656 -0.000346
30 11 200.008901 0.000656 -0.000346
31 11 200.008907 0.000656 -0.000345
32 11 200.008912 0.000656 -0.000345
33 11 200.008916 0.000656 -0.000345
34 11 200.008919 0.000656 -0.000345
35 11 200.008920 0.000656 -0.000345
36 11 200.008920 0.000656 -0.000345
37 11 200.008918 0.000656 -0.000344
38 11 200.008915 0.000656 -0.000344
39 11 200.008909 0.000656 -0.000344
40 11 200.008902 0.000656 -0.000343
41 11 200.008892 0.000656 -0.000343
42 11 200.008879 0.000656 -0.000343
43 11 200.008864 0.000656 -0.000342
44 11 200.008845 0.000656 -0.000342
45 11 200.008823 0.000656 -0.000339
46 11 200.008798 0.000656 -0.000342
47 11 200.008767 0.000656 -0.000332
48 11 200.008730 0.000656 -0.000350
49 11 200.008654 0.000656 -0.000299
50 11 200.008642 0.000656 -0.000400
0 12 200.008646 0.000656 -0.000299
1 12 200.008635 0.000656 -0.000400
2 12 200.008629 0.000656 -0.000348
3 12 200.008662 0.000656 -0.000365
4 12 200.008680 0.000656 -0.000355
5 12 200.008697 0.000656 -0.000357
6 12 200.008710 0.000656 -0.000354
7 12 200.008722 0.000656 -0.000354
8 12 200.008733 0.000656 -0.000353
9 12 200.008742 0.000656 -0.000352
10 12 200.008751 0.000656 -0.000351
11 12 200.008759 0.000656 -0.000351
12 12 200.008766 0.000656 -0.000350
13 12 200.008774 0.000656 -0.000349
14 12 200.008781 0.000656 -0.000349
15 12 200.008789 0.000656 -0.000349
16 12 200.008796 0.000656 -0.000348
17 12 200.008804 0.000656 -0.000348
18 12 200.008812 0.000656 -0.000348
19 12 200.008820 0.000656 -0.000347
20 12 200.008829 0.000656 -0.000347
21 12 200.008837 0.000656 -0.000347
22 12 200.008846 0.000656 -0.000347
23 12 200.008855 0.000656 -0.000347
24 12 200.008863 0.000656 -0.000346
25 12 200.008872 0.000656 -0.000346
26 12 200.008880 0.000656 -0.000346
27 12 200.008888 0.000656 -0.000346
28 12 200.008895 0.000656 -0.000346
29 12 200.008902 0.000656 -0.000346
30 12 200.008908 0.000656 -0.000346
31 12 200.008913 0.000656 -0.000345
32 12 200.008917 0.000656 -0.000345
33 12 200.008920 0.000656 -0.000345
34 12 200.008922 0.000656 -0.000345
35 12 200.008923 0.000656 -0.000345
36 12 200.008922 0.000656 -0.000345
37 12 200.008919 0.000656 -0.000344
38 12 200.008914 0.000656 -0.000344
39 12 200.008908 0.000656 -0.000344
40 12 200.008900 0.000656 -0.000343
41 12 200.008889 0.000656 -0.000343
42 12 200.008876 0.000656 -0.000343
43 12 200.008859 0.000656 -0.000342
44 12 200.008840 0.000656 -0.000342
45 12 200.008817 0.000656 -0.000339
46 12 200.008792 0.000656 -0.000342
47 12 200.008760 0.000656 -0.000332
48 12 200.008723 0.000656 -0.000350
49 12 200.008646 0.000656 -0.000299
50 12 200.008635 0.000656 -0.000400
0 13 200.008639 0.000656 -0.000299
1 13 200.008628 0.000656 -0.000400
2 13 200.008622 0.000656 -0.000348
3 13 200.008655 0.000656 -0.000365
4 13 200.008674 0.000656 -0.000355
5 13 200.008691 0.000656 -0.000357
6 13 200.008705 0.000656 -0.000354
7 13 200.008718 0.000656 -0.000354
8 13 200.008729 0.000656 -0.000353
9 13 200.008739 0.000656 -0.000352
10 13 200.008749 0.000656 -0.000351
11 13 200.008758 0.000656 -0.000351
12 13 200.008766 0.000656 -0.000350
13 13 200.008775 0.000656 -0.000349
14 13 200.008783 0.000656 -0.000349
15 13 200.008791 0.000656 -0.000349
16 13 200.008800 0.000656 -0.000348
17 13 200.008808 0.000656 -0.000348
18 13 200.008817 0.000656 -0.000348
19 13 200.008826 0.000656 -0.000347
20 13 200.008835 0.000656 -0.000347
21 13 200.008844 0.000656 -0.000347
22 13 200.008853 0.000656 -0.000347
23 13 200.008862 0.000656 -0.000347
24 13 200.008871 0.000656 -0.000346
25 13 200.008879 0.000656 -0.000346
26 13 200.008887 0.000656 -0.000346
27 13 200.008895 0.000656 -0.000346
28 13 200.008902 0.000656 -0.000346
29 13 200.008908 0.000656 -0.000346
30 13 200.008914 0.000656 -0.000346
31 13 200.008918 0.000656 -0.000345
32 13 200.008922 0.000656 -0.000345
33 13 200.008924 0.000656 -0.000345
34 13 200.008925 0.000656 -0.000345
35 13 200.008924 0.000656 -0.000345
36 13 200.008923 0.000656 -0.000345
37 13 200.008919 0.000656 -0.000344
38 13 200.008914 0.000656 -0.000344
39 13 200.008906 0.000656 -0.000344
40 13 200.008897 0.000656 -0.000343
41 13 200.008885 0.000656 -0.000343
42 13 200.008871 0.000656 -0.000343
43 13 200.008854 0.000656 -0.000342
44 13 200.008835 0.000656 -0.000342
45 13 200.008811 0.000656 -0.000339
46 13 200.008785 0.000656 -0.000342
47 13 200.008753 0.000656 -0.000332
48 13 200.008716 0.000656 -0.000350
49 13 200.008639 0.000656 -0.000299
50 13 200.008628 0.000656 -0.000400
0 14 200.008632 0.000656 -0.000299
1 14 200.008620 0.000656 -0.000400
2 14 200.008615 0.000656 -0.000348
3 14 200.008648 0.000656 -0.000365
4 14 200.008668 0.000656 -0.000355
5 14 200.008686 0.000656 -0.000357
6 14 200.008700 0.000656 -0.000354
7 14 200.008714 0.000656 -0.000354
8 14 200.008726 0.000656 -0.000353
9 14 200.008737 0.000656 -0.000352
10 14 200.008747 0.000656 -0.000351
11 14 200.008757 0.000656 -0.000351
12 14 200.008767 0.000656 -0.000350
13 14 200.008776 0.000656 -0.000349
14 14 200.008786 0.000656 -0.000349
15 14 200.008795 0.000656 -0.000349
16 14 200.008804 0.000656 -0.000348
17 14 200.008813 0.000656 -0.000348
18 14 200.008823 0.000656 -0.000348
19 14 200.008832 0.000656 -0.000347
20 14 200.008842 0.000656 -0.000347
21 14 200.008851 0.000656 -0.000347
22 14 200.008860 0.000656 -0.000347
23 14 200.008869 0.000656 -0.000347
24 14 200.008878 0.000656 -0.000346
25 14 200.008887 0.000656 -0.000346
26 14 200.008894 0.000656 -0.000346
27 14 200.008902 0.000656 -0.000346
28 14 200.008908 0.000656 -0.000346
29 14 200.008914 0.000656 -0.000346
30 14 200.008919 0.000656 -0.000346
31 14 200.008923 0.000656 -0.000345
32 14 200.008925 0.000656 -0.000345
33 14 200.008927 0.000656 -0.000345
34 14 200.008927 0.000656 -0.000345
35 14 200.008925 0.000656 -0.000345
36 14 200.008923 0.000656 -0.000345
37 14 200.008918 0.000656 -0.000344
38 14 200.008912 0.000656 -0.000344
39 14 200.008904 0.000656 -0.000344
40 14 200.008893 0.000656 -0.000343
41 14 200.008881 0.000656 -0.000343
42 14 200.008866 0.000656 -0.000343
43 14 200.008849 0.000656 -0.000342
44 14 200.008828 0.000656 -0.000342
45 14 200.008804 0.000656 -0.000339
46 14 200.008778 0.000656 -0.000342
47 14 200.008746 0.000656 -0.000332
48 14 200.008708 0.000656 -0.000350
49 14 200.008632 0.000656 -0.000299
50 14 200.008620 0.000656 -0.000400
0 15 200.008626 0.000656 -0.000299
1 15 200.008613 0.000656 -0.000400
2 15 200.008609 0.000656 -0.000348
3 15 200.008642 0.000656 -0.000365
4 15 200.008662 0.000656 -0.000355
5 15 200.008681 0.000656 -0.000357
6 15 200.008696 0.000656 -0.000354
7 15 200.008711 0.000656 -0.000354
8 15 200.008724 0.000656 -0.000353
9 15 200.008736 0.000656 -0.000352
10 15 200.008747 0.000656 -0.000351
11 15 200.008758 0.000656 -0.000351
12 15 200.008768 0.000656 -0.000350
13 15 200.008779 0.000656 -0.000349
14 15 200.008789 0.000656 -0.000349
15 15 200.008799 0.000656 -0.000349
16 15 200.008809 0.000656 -0.000348
17 15 200.008819 0.000656 -0.000348
18 15 200.008829 0.000656 -0.000348
19 15 200.008839 0.000656 -0.000347
20 15 200.008849 0.000656 -0.000347
21 15 200.008859 0.000656 -0.000347
22 15 200.008868 0.000656 -0.000347
23 15 200.008877 0.000656 -0.000347
24 15 200.008886 0.000656 -0.000346
25 15 200.008894 0.000656 -0.000346
26 15 200.008901 0.000656 -0.000346
27 15 200.008908 0.000656 -0.000346
28 15 200.008914 0.000656 -0.000346
29 15 200.008919 0.000656 -0.000346
30 15 200.008923 0.000656 -0.000346
31 15 200.008926 0.000656 -0.000345
32 15 200.008928 0.000656 -0.000345
33 15 200.008929 0.000656 -0.000345
34 15 200.008928 0.000656 -0.000345
35 15 200.008926 0.000656 -0.000345
36 15 200.008922 0.000656 -0.000345
37 15 200.008916 0.000656 -0.000344
38 15 200.008909 0.000656 -0.000344
39 15 200.008900 0.000656 -0.000344
40 15 200.008889 0.000656 -0.000343
41 15 200.008876 0.000656 -0.000343
42 15 200.008860 0.000656 -0.000343
43 15 200.008842 0.000656 -0.000342
44 15 200.008822 0.000656 -0.000342
45 15 200.008797 0.000656 -0.000339
46 15 200.008771 0.000656 -0.000342
47 15 200.008738 0.000656 -0.000332
48 15 200.008701 0.000656 -0.000350
49 15 200.008626 0.000656 -0.000299
50 15 200.008613 0.000656 -0.000400
0 16 200.008620 0.000656 -0.000299
1 16 200.008605 0.000656 -0.000401
2 16 200.008603 0.000656 -0.000348
3 16 200.008637 0.000656 -0.000365
4 16 200.008658 0.000656 -0.000355
5 16 200.008677 0.000656 -0.000357
6 16 200.008693 0.000656 -0.000354
7 16 200.008708 0.000656 -0.000354
8 16 200.008722 0.000656 -0.000353
9 16 200.008735 0.000656 -0.000352
10 16 200.008748 0.000656 -0.000351
11 16 200.008759 0.000656 -0.000351
12 16 200.008771 0.000656 -0.000350
13 16 200.008782 0.000656 -0.000349
14 16 200.008793 0.000656 -0.000349
15 16 200.008804 0.000656 -0.000349
16 16 200.008815 0.000656 -0.000348
17 16 200.008825 0.000656 -0.000348
18 16 200.008836 0.000656 -0.000348
19 16 200.008846 0.000656 -0.000347
20 16 200.008856 0.000656 -0.000347
21 16 200.008866 0.000656 -0.000347
22 16 200.008876 0.000656 -0.000347
23 16 200.008885 0.000656 -0.000347
24 16 200.008893 0.000656 -0.000346
25 16 200.008901 0.000656 -0.000346
26 16 200.008908 0.000656 -0.000346
27 16 200.008914 0.000656 -0.000346
28 16 200.008920 0.000656 -0.000346
29 16 200.008924 0.000656 -0.000346
30 16 200.008927 0.000656 -0.000346
31 16 200.008929 0.000656 -0.000345
32 16 200.008930 0.000656 -0.000345
33 16 200.008930 0.000656 -0.000345
34 16 200.008928 0.000656 -0.000345
35 16 200.008925 0.000656 -0.000345
36 16 200.008920 0.000656 -0.000345
37 16 200.008914 0.000656 -0.000344
38 16 200.008906 0.000656 -0.000344
39 16 200.008896 0.000656 -0.000344
40 16 200.008884 0.000656 -0.000343
41 16 200.008870 0.000656 -0.000343
42 16 200.008854 0.000656 -0.000343
43 16 200.008836 0.000656 -0.000342
44 16 200.008815 0.000656 -0.000342
45 16 200.008790 0.000656 -0.000339
46 16 200.008763 0.000656 -0.000342
47 16 200.008731 0.000656 -0.000332
48 16 200.008694 0.000656 -0.000350
49 16 200.008620 0.000656 -0.000299
50 16 200.008605 0.000656 -0.000401
0 17 200.008614 0.000656 -0.000299
1 17 200.008598 0.000656 -0.000401
2 17 200.008597 0.000656 -0.000348
3 17 200.008631 0.000656 -0.000365
4 17 200.008653 0.000656 -0.000355
5 17 200.008674 0.000656 -0.000357
6 17 200.008691 0.000656 -0.000354
7 17 200.008707 0.000656 -0.000354
8 17 200.008722 0.000656 -0.000353
9 17 200.008736 0.000656 -0.000352
10 17 200.008749 0.000656 -0.000351
11 17 200.008762 0.000656 -0.000351
12 17 200.008774 0.000656 -0.000350
13 17 200.008786 0.000656 -0.000349
14 17 200.008798 0.000656 -0.000349
15 17 200.008809 0.000656 -0.000349
16 17 200.008821 0.000656 -0.000348
17 17 200.008832 0.000656 -0.000348
18 17 200.008843 0.000656 -0.000348
19 17 200.008854 0.000656 -0.000347
20 17 200.008864 0.000656 -0.000347
21 17 200.008874 0.000656 -0.000347
22 17 200.008883 0.000656 -0.000347
23 17 200.008892 0.000656 -0.000347
24 17 200.008900 0.000656 -0.000346
25 17 200.008907 0.000656 -0.000346
26 17 200.008914 0.000656 -0.000346
27 17 200.008920 0.000656 -0.000346
28 17 200.008924 0.000656 -0.000346
29 17 200.008928 0.000656 -0.000346
30 17 200.008930 0.000656 -0.000346
31 17 200.008932 0.000656 -0.000345
32 17 200.008932 0.000656 -0.000345
33 17 200.008930 0.000656 -0.000345
34 17 200.008927 0.000656 -0.000345
35 17 200.008923 0.000656 -0.000345
36 17 200.008918 0.000656 -0.000345
37 17 200.008910 0.000656 -0.000344
38 17 200.008901 0.000656 -0.000344
39 17 200.008891 0.000656 -0.000344
40 17 200.008878 0.000656 -0.000343
41 17 200.008864 0.000656 -0.000343
42 17 200.008848 0.000656 -0.000343
43 17 200.008829 0.000656 -0.000342
44 17 200.008807 0.000656 -0.000342
45 17 200.008783 0.000656 -0.000339
46 17 200.008756 0.000656 -0.000342
47 17 200.008724 0.000656 -0.000332
48 17 200.008687 0.000656 -0.000350
49 17 200.008614 0.000656 -0.000299
50 17 200.008598 0.000656 -0.000401
0 18 200.008609 0.000656 -0.000299
1 18 200.008592 0.000656 -0.000401
2 18 200.008593 0.000656 -0.000348
3 18 200.008627 0.000656 -0.000365
4 18 200.008650 0.000656 -0.000355
5 18 200.008671 0.000656 -0.000357
6 18 200.008689 0.000656 -0.000354
7 18 200.008706 0.000656 -0.000354
8 18 200.008722 0.000656 -0.000353
9 18 200.008737 0.000656 -0.000352
10 18 200.008751 0.000656 -0.000351
11 18 200.008765 0.000656 -0.000351
12 18 200.008778 0.000656 -0.000350
13 18 200.008791 0.000656 -0.000349
14 18 200.008803 0.000656 -0.000349
15 18 200.008815 0.000656 -0.000349
16 18 200.008827 0.000656 -0.000348
17 18 200.008839 0.000656 -0.000348
18 18 200.008850 0.000656 -0.000348
19 18 200.008861 0.000656 -0.000347
20 18 200.008871 0.000656 -0.000347
21 18 200.008881 0.000656 -0.000347
22 18 200.008890 0.000656 -0.000347
23 18 200.008899 0.000656 -0.000347
24 18 200.008907 0.000656 -0.000346
25 18 200.008913 0.000656 -0.000346
26 18 200.008919 0.000656 -0.000346
27 18 200.008924 0.000656 -0.000346
28 18 200.008928 0.000656 -0.000346
29 18 200.008931 0.000656 -0.000346
30 18 200.008933 0.000656 -0.000346
31 18 200.008933 0.000656 -0.000345
32 18 200.008932 0.000656 -0.000345
33 18 200.008930 0.000656 -0.000345
34 18 200.008926 0.000656 -0.000345
35 18 200.008921 0.000656 -0.000345
36 18 200.008914 0.000656 -0.000345
37 18 200.008906 0.000656 -0.000344
38 18 200.008897 0.000656 -0.000344
39 18 200.008885 0.000656 -0.000344
40 18 200.008872 0.000656 -0.000343
41 18 200.008858 0.000656 -0.000343
42 18 200.008841 0.000656 -0.000343
43 18 200.008822 0.000656 -0.000342
44 18 200.008800 0.000656 -0.000342
45 18 200.008776 0.000656 -0.000339
46 18 200.008749 0.000656 -0.000342
47 18 200.008718 0.000656 -0.000332
48 18 200.008680 0.000656 -0.000350
49 18 200.008609 0.000656 -0.000299
50 18 200.008592 0.000656 -0.000401
0 19 200.008605 0.000656 -0.000299
1 19 200.008586 0.000656 -0.000401
2 19 200.008589 0.000656 -0.000348
3 19 200.008623 0.000656 -0.000365
4 19 200.008647 0.000656 -0.000355
5 19 200.008669 0.000656 -0.000357
6 19 200.008688 0.000656 -0.000354
7 19 200.008706 0.000656 -0.000354
8 19 200.008723 0.000656 -0.000353
9 19 200.008739 0.000656 -0.000352
10 19 200.008754 0.000656 -0.000351
11 19 200.008769 0.000656 -0.000351
12 19 200.008783 0.000656 -0.000350
13 19 200.008796 0.000656 -0.000349
14 19 200.008809 0.000656 -0.000349
15 19 200.008822 0.000656 -0.000349
16 19 200.008834 0.000656 -0.000348
17 19 200.008846 0.000656 -0.000348
18 19 200.008858 0.000656 -0.000348
19 19 200.008868 0.000656 -0.000347
20 19 200.008879 0.000656 -0.000347
21 19 200.008888 0.000656 -0.000347
22 19 200.008897 0.000656 -0.000347
23 19 200.008905 0.000656 -0.000347
24 19 200.008913 0.000656 -0.000346
25 19 200.008919 0.000656 -0.000346
26 19 200.008924 0.000656 -0.000346
27 19 200.008928 0.000656 -0.000346
28 19 200.008931 0.000656 -0.000346
29 19 200.008933 0.000656 -0.000346
30 19 200.008934 0.000656 -0.000346
31 19 200.008933 0.000656 -0.000345
32 19 200.008931 0.000656 -0.000345
33 19 200.008928 0.000656 -0.000345
34 19 200.008924 0.000656 -0.000345
35 19 200.008918 0.000656 -0.000345
36 19 200.008910 0.000656 -0.000345
37 19 200.008901 0.000656 -0.000344
38 19 200.008891 0.000656 -0.000344
39 19 200.008879 0.000656 -0.000344
40 19 200.008866 0.000656 -0.000343
41 19 200.008851 0.000656 -0.000343
42 19 200.008834 0.000656 -0.000343
43 19 200.008814 0.000656 -0.000342
44 19 200.008793 0.000656 -0.000342
45 19 200.008769 0.000656 -0.000339
46 19 200.008742 0.000656 -0.000342
47 19 200.008711 0.000656 -0.000332
48 19 200.008674 0.000656 -0.000350
49 19 200.008605 0.000656 -0.000299
50 19 200.008586 0.000656 -0.000401
0 20 200.008602 0.000656 -0.000299
1 20 200.008580 0.000656 -0.000401
2 20 200.008585 0.000656 -0.000348
3 20 200.008621 0.000656 -0.000365
4 20 200.008646 0.000656 -0.000355
5 20 200.008668 0.000656 -0.000357
6 20 200.008689 0.000656 -0.000354
7 20 200.008707 0.000656 -0.000354
8 20 200.008725 0.000656 -0.000353
9 20 200.008742 0.000656 -0.000352
10 20 200.008758 0.000656 -0.000351
11 20 200.008773 0.000656 -0.000351
12 20 200.008788 0.000656 -0.000350
13 20 200.008802 0.000656 -0.000349
14 20 200.008816 0.000656 -0.000349
15 20 200.008829 0.000656 -0.000349
16 20 200.008841 0.000656 -0.000348
17 20 200.008853 0.000656 -0.000348
18 20 200.008865 0.000656 -0.000348
19 20 200.008876 0.000656 -0.000347
20 20 200.008886 0.000656 -0.000347
21 20 200.008895 0.000656 -0.000347
22 20 200.008904 0.000656 -0.000347
23 20 200.008911 0.000656 -0.000347
24 20 200.008918 0.000656 -0.000346
25 20 200.008924 0.000656 -0.000346
26 20 200.008928 0.000656 -0.000346
27 20 200.008931 0.000656 -0.000346
28 20 200.008934 0.000656 -0.000346
29 20 200.008935 0.000656 -0.000346
30 20 200.008934 0.000656 -0.000346
31 20 200.008933 0.000656 -0.000345
32 20 200.008930 0.000656 -0.000345
33 20 200.008926 0.000656 -0.000345
34 20 200.008920 0.000656 -0.000345
35 20 200.008914 0.000656 -0.000345
36 20 200.008906 0.000656 -0.000345
37 20 200.008896 0.000656 -0.000344
38 20 200.008885 0.000656 -0.000344
39 20 200.008873 0.000656 -0.000344
40 20 200.008859 0.000656 -0.000343
41 20 200.008844 0.000656 -0.000343
42 20 200.008826 0.000656 -0.000343
43 20 200.008807 0.000656 -0.000342
44 20 200.008786 0.000656 -0.000342
45 20 200.008762 0.000656 -0.000339
46 20 200.008735 0.000656 -0.000342
47 20 200.008706 0.000656 -0.000332
48 20 200.008668 0.000656 -0.000350
49 20 200.008602 0.000656 -0.000299
50 20 200.008580 0.000656 -0.000401
0 21 200.008599 0.000656 -0.000299
1 21 200.008575 0.000656 -0.000401
2 21 200.008583 0.000656 -0.000348
3 21 200.008619 0.000656 -0.000365
4 21 200.008645 0.000656 -0.000355
5 21 200.008669 0.000656 -0.000357
6 21 200.008690 0.000656 -0.000354
7 21 200.008709 0.000656 -0.000354
8 21 200.008728 0.000656 -0.000353
9 21 200.008746 0.000656 -0.000352
10 21 200.008762 0.000656 -0.000351
11 21 200.008778 0.000656 -0.000351
12 21 200.008793 0.000656 -0.000350
13 21 200.008808 0.000656 -0.000349
14 21 200.008822 0.000656 -0.000349
15 21 200.008836 0.000656 -0.000349
16 21 200.008848 0.000656 -0.000348
17 21 200.008861 0.000656 -0.000348
18 21 200.008872 0.000656 -0.000348
19 21 200.008883 0.000656 -0.000347
20 21 200.008893 0.000656 -0.000347
21 21 200.008902 0.000656 -0.000347
22 21 200.008910 0.000656 -0.000347
23 21 200.008917 0.000656 -0.000347
24 21 200.008923 0.000656 -0.000346
25 21 200.008928 0.000656 -0.000346
26 21 200.008931 0.000656 -0.000346
27 21 200.008934 0.000656 -0.000346
28 21 200.008935 0.000656 -0.000346
29 21 200.008935 0.000656 -0.000346
30 21 200.008934 0.000656 -0.000346
31 21 200.008931 0.000656 -0.000345
32 21 200.008928 0.000656 -0.000345
33 21 200.008923 0.000656 -0.000345
34 21 200.008917 0.000656 -0.000345
35 21 200.008909 0.000656 -0.000345
36 21 200.008900 0.000656 -0.000345
37 21 200.008890 0.000656 -0.000344
38 21 200.008879 0.000656 -0.000344
39 21 200.008866 0.000656 -0.000344
40 21 200.008852 0.000656 -0.000343
41 21 200.008837 0.000656 -0.000343
42 21 200.008819 0.000656 -0.000343
43 21 200.008800 0.000656 -0.000342
44 21 200.008779 0.000656 -0.000342
45 21 200.008756 0.000656 -0.000339
46 21 200.008729 0.000656 -0.000342
47 21 200.008700 0.000656 -0.000332
48 21 200.008663 0.000656 -0.000350
49 21 200.008599 0.000656 -0.000299
50 21 200.008575 0.000656 -0.000401
0 22 200.008598 0.000656 -0.000299
1 22 200.008571 0.000656 -0.000401
2 22 200.008581 0.000656 -0.000348
3 22 200.008617 0.000656 -0.000365
4 22 200.008645 0.000656 -0.000355
5 22 200.008669 0.000656 -0.000357
6 22 200.008691 0.000656 -0.000354
7 22 200.008712 0.000656 -0.000354
8 22 200.008732 0.000656 -0.000353
9 22 200.008750 0.000656 -0.000352
10 22 200.008767 0.000656 -0.000351
11 22 200.008784 0.000656 -0.000351
12 22 200.008800 0.000656 -0.000350
13 22 200.008815 0.000656 -0.000349
14 22 200.008829 0.000656 -0.000349
15 22 200.008843 0.000656 -0.000349
16 22 200.008856 0.000656 -0.000348
17 22 200.008868 0.000656 -0.000348
18 22 200.008879 0.000656 -0.000348
19 22 200.008889 0.000656 -0.000347
20 22 200.008899 0.000656 -0.000347
21 22 200.008907 0.000656 -0.000347
22 22 200.008915 0.000656 -0.000347
23 22 200.008921 0.000656 -0.000347
24 22 200.008926 0.000656 -0.000346
25 22 200.008931 0.000656 -0.000346
26 22 200.008933 0.000656 -0.000346
27 22 200.008935 0.000656 -0.000346
28 22 200.008935 0.000656 -0.000346
29 22 200.008935 0.000656 -0.000346
30 22 200.008933 0.000656 -0.000346
31 22 200.008929 0.000656 -0.000345
32 22 200.008925 0.000656 -0.000345
33 22 200.008919 0.000656 -0.000345
34 22 200.008912 0.000656 -0.000345
35 22 200.008904 0.000656 -0.000345
36 22 200.008894 0.000656 -0.000345
37 22 200.008884 0.000656 -0.000344
38 22 200.008872 0.000656 -0.000344
39 22 200.008859 0.000656 -0.000344
40 22 200.008845 0.000656 -0.000343
41 22 200.008830 0.000656 -0.000343
42 22 200.008812 0.000656 -0.000343
43 22 200.008794 0.000656 -0.000342
44 22 200.008773 0.000656 -0.000342
45 22 200.008750 0.000656 -0.000339
46 22 200.008724 0.000656 -0.000342
47 22 200.008696 0.000656 -0.000332
48 22 200.008659 0.000656 -0.000350
49 22 200.008598 0.000656 -0.000299
50 22 200.008571 0.000656 -0.000401
0 23 200.008597 0.000656 -0.000299
1 23 200.008567 0.000656 -0.000401
2 23 200.008581 0.000656 -0.000348
3 23 200.008617 0.000656 -0.000365
4 23 200.008646 0.000656 -0.000355
5 23 200.008671 0.000656 -0.000357
6 23 200.008694 0.000656 -0.000354
7 23 200.008716 0.000656 -0.000354
8 23 200.008736 0.000656 -0.000353
9 23 200.008755 0.000656 -0.000352
10 23 200.008773 0.000656 -0.000351
11 23 200.008790 0.000656 -0.000351
12 23 200.008806 0.000656 -0.000350
13 23 200.008821 0.000656 -0.000349
14 23 200.008836 0.000656 -0.000349
15 23 200.008850 0.000656 -0.000349
16 23 200.008863 0.000656 -0.000348
17 23 200.008875 0.000656 -0.000348
18 23 200.008886 0.000656 -0.000348
19 23 200.008896 0.000656 -0.000347
20 23 200.008905 0.000656 -0.000347
21 23 200.008913 0.000656 -0.000347
22 23 200.008919 0.000656 -0.000347
23 23 200.008925 0.000656 -0.000347
24 23 200.008929 0.000656 -0.000346
25 23 200.008933 0.000656 -0.000346
26 23 200.008935 0.000656 -0.000346
27 23 200.008935 0.000656 -0.000346
28 23 200.008935 0.000656 -0.000346
29 23 200.008933 0.000656 -0.000346
30 23 200.008930 0.000656 -0.000346
31 23 200.008926 0.000656 -0.000345
32 23 200.008921 0.000656 -0.000345
33 23 200.008914 0.000656 -0.000345
34 23 200.008907 0.000656 -0.000345
35 23 200.008898 0.000656 -0.000345
36 23 200.008888 0.000656 -0.000345
37 23 200.008877 0.000656 -0.000344
38 23 200.008865 0.000656 -0.000344
39 23 200.008852 0.000656 -0.000344
40 23 200.008838 0.000656 -0.000343
41 23 200.008823 0.000656 -0.000343
42 23 200.008806 0.000656 -0.000343
43 23 200.008787 0.000656 -0.000342
44 23 200.008767 0.000656 -0.000342
45 23 200.008744 0.000656 -0.000339
46 23 200.008719 0.000656 -0.000342
47 23 200.008692 0.000656 -0.000332
48 23 200.008655 0.000656 -0.000350
49 23 200.008597 0.000656 -0.000299
50 23 200.008567 0.000656 -0.000401
0 24 200.008597 0.000656 -0.000299
1 24 200.008565 0.000656 -0.000401
2 24 200.008581 0.000656 -0.000348
3 24 200.008618 0.000656 -0.000365
4 24 200.008648 0.000656 -0.000355
5 24 200.008674 0.000656 -0.000357
6 24 200.008698 0.000656 -0.000354
7 24 200.008720 0.000656 -0.000354
8 24 200.008741 0.000656 -0.000353
9 24 200.008760 0.000656 -0.000352
10 24 200.008779 0.000656 -0.000351
11 24 200.008796 0.000656 -0.000351
12 24 200.008813 0.000656 -0.000350
13 24 200.008828 0.000656 -0.000349
14 24 200.008843 0.000656 -0.000349
15 24 200.008857 0.000656 -0.000349
16 24 200.008869 0.000656 -0.000348
17 24 200.008881 0.000656 -0.000348
18 24 200.008892 0.000656 -0.000348
19 24 200.008901 0.000656 -0.000347
20 24 200.008910 0.000656 -0.000347
21 24 200.008917 0.000656 -0.000347
22 24 200.008923 0.000656 -0.000347
23 24 200.008928 0.000656 -0.000347
24 24 200.008932 0.000656 -0.000346
25 24 200.008934 0.000656 -0.000346
26 24 200.008935 0.000656 -0.000346
27 24 200.008935 0.000656 -0.000346
28 24 200.008933 0.000656 -0.000346
29 24 200.008931 0.000656 -0.000346
30 24 200.008927 0.000656 -0.000346
31 24 200.008922 0.000656 -0.000345
32 24 200.008916 0.000656 -0.000345
33 24 200.008909 0.000656 -0.000345
34 24 200.008901 0.000656 -0.000345
35 24 200.008892 0.000656 -0.000345
36 24 200.008882 0.000656 -0.000345
37 24 200.008871 0.000656 -0.000344
38 24 200.008859 0.000656 -0.000344
39 24 200.008846 0.000656 -0.000344
40 24 200.008831 0.000656 -0.000343
41 24 200.008816 0.000656 -0.000343
42 24 200.008800 0.000656 -0.000343
43 24 200.008782 0.000656 -0.000342
44 24 200.008762 0.000656 -0.000342
45 24 200.008740 0.000656 -0.000339
46 24 200.008715 0.000656 -0.000342
47 24 200.008689 0.000656 -0.000332
48 24 200.008653 0.000656 -0.000350
49 24 200.008597 0.000656 -0.000299
50 24 200.008565 0.000656 -0.000401
0 25 200.008598 0.000656 -0.000299
1 25 200.008563 0.000656 -0.000401
2 25 200.008582 0.000656 -0.000348
3 25 200.008619 0.000656 -0.000365
4 25 200.008651 0.000656 -0.000355
5 25 200.008677 0.000656 -0.000357
6 25 200.008702 0.000656 -0.000354
7 25 200.008725 0.000656 -0.000354
8 25 200.008746 0.000656 -0.000353
9 25 200.008766 0.000656 -0.000352
10 25 200.008785 0.000656 -0.000351
11 25 200.008803 0.000656 -0.000351
12 25 200.008820 0.000656 -0.000350
13 25 200.008835 0.000656 -0.000349
14 25 200.008850 0.000656 -0.000349
15 25 200.008863 0.000656 -0.000349
16 25 200.008876 0.000656 -0.000348
17 25 200.008887 0.000656 -0.000348
18 25 200.008897 0.000656 -0.000348
19 25 200.008906 0.000656 -0.000347
20 25 200.008914 0.000656 -0.000347
21 25 200.008921 0.000656 -0.000347
22 25 200.008926 0.000656 -0.000347
23 25 200.008930 0.000656 -0.000347
24 25 200.008933 0.000656 -0.000346
25 25 200.008934 0.000656 -0.000346
26 25 200.008934 0.000656 -0.000346
27 25 200.008933 0.000656 -0.000346
28 25 200.008931 0.000656 -0.000346
29 25 200.008928 0.000656 -0.000346
30 25 200.008923 0.000656 -0.000346
31 25 200.008918 0.000656 -0.000345
32 25 200.008911 0.000656 -0.000345
33 25 200.008903 0.000656 -0.000345
34 25 200.008895 0.000656 -0.000345
35 25 200.008885 0.000656 -0.000345
36 25 200.008875 0.000656 -0.000345
37 25 200.008864 0.000656 -0.000344
38 25 200.008852 0.000656 -0.000344
39 25 200.008839 0.000656 -0.000344
40 25 200.008825 0.000656 -0.000343
41 25 200.008810 0.000656 -0.000343
42 25 200.008794 0.000656 -0.000343
43 25 200.008776 0.000656 -0.000342
44 25 200.008757 0.000656 -0.000342
45 25 200.008736 0.000656 -0.000339
46 25 200.008712 0.000656 -0.000342
47 25 200.008687 0.000656 -0.000332
48 25 200.008651 0.000656 -0.000350
49 25 200.008598 0.000656 -0.000299
50 25 200.008563 0.000656 -0.000401
0 26 200.008600 0.000656 -0.000299
1 26 200.008562 0.000656 -0.000401
2 26 200.008585 0.000656 -0.000348
3 26 200.008622 0.000656 -0.000365
4 26 200.008654 0.000656 -0.000355
5 26 200.008682 0.000656 -0.000357
6 26 200.008707 0.000656 -0.000354
7 26 200.008730 0.000656 -0.000354
8 26 200.008752 0.000656 -0.000353
9 26 200.008773 0.000656 -0.000352
10 26 200.008792 0.000656 -0.000351
11 26 200.008810 0.000656 -0.000351
12 26 200.008826 0.000656 -0.000350
13 26 200.008842 0.000656 -0.000349
14 26 200.008856 0.000656 -0.000349
15 26 200.008870 0.000656 -0.000349
16 26 200.008882 0.000656 -0.000348
17 26 200.008893 0.000656 -0.000348
18 26 200.008902 0.000656 -0.000348
19 26 200.008910 0.000656 -0.000347
20 26 200.008918 0.000656 -0.000347
21 26 200.008923 0.000656 -0.000347
22 26 200.008928 0.000656 -0.000347
23 26 200.008931 0.000656 -0.000347
24 26 200.008933 0.000656 -0.000346
25 26 200.008933 0.000656 -0.000346
26 26 200.008933 0.000656 -0.000346
27 26 200.008931 0.000656 -0.000346
28 26 200.008928 0.000656 -0.000346
29 26 200.008924 0.000656 -0.000346
30 26 200.008919 0.000656 -0.000346
31 26 200.008912 0.000656 -0.000345
32 26 200.008905 0.000656 -0.000345
33 26 200.008897 0.000656 -0.000345
34 26 200.008888 0.000656 -0.000345
35 26 200.008879 0.000656 -0.000345
36 26 200.008868 0.000656 -0.000345
37 26 200.008857 0.000656 -0.000344
38 26 200.008845 0.000656 -0.000344
39 26 200.008832 0.000656 -0.000344
40 26 200.008819 0.000656 -0.000343
41 26 200.008804 0.000656 -0.000343
42 26 200.008789 0.000656 -0.000343
43 26 200.008772 0.000656 -0.000342
44 26 200.008753 0.000656 -0.000342
45 26 200.008733 0.000656 -0.000339
46 26 200.008710 0.000656 -0.000342
47 26 200.008686 0.000656 -0.000332
48 26 200.008650 0.000656 -0.000350
49 26 200.008600 0.000656 -0.000299
50 26 200.008562 0.000656 -0.000401
0 27 200.008603 0.000656 -0.000299
1 27 200.008563 0.000656 -0.000401
2 27 200.008588 0.000656 -0.000348
3 27 200.008625 0.000656 -0.000365
4 27 200.008659 0.000656 -0.000355
5 27 200.008686 0.000656 -0.000357
6 27 200.008712 0.000656 -0.000354
7 27 200.008736 0.000656 -0.000354
8 27 200.008758 0.000656 -0.000353
9 27 200.008779 0.000656 -0.000352
10 27 200.008799 0.000656 -0.000351
11 27 200.008816 0.000656 -0.000351
12 27 200.008833 0.000656 -0.000350
13 27 200.008849 0.000656 -0.000349
14 27 200.008863 0.000656 -0.000349
15 27 200.008875 0.000656 -0.000349
16 27 200.008887 0.000656 -0.000348
17 27 200.008897 0.000656 -0.000348
18 27 200.008906 0.000656 -0.000348
19 27 200.008914 0.000656 -0.000347
20 27 200.008920 0.000656 -0.000347
21 27 200.008925 0.000656 -0.000347
22 27 200.008929 0.000656 -0.000347
23 27 200.008931 0.000656 -0.000347
24 27 200.008932 0.000656 -0.000346
25 27 200.008932 0.000656 -0.000346
26 27 200.008930 0.000656 -0.000346
27 27 200.008928 0.000656 -0.000346
28 27 200.008924 0.000656 -0.000346
29 27 200.008919 0.000656 -0.000346
30 27 200.008913 0.000656 -0.000346
31 27 200.008907 0.000656 -0.000345
32 27 200.008899 0.000656 -0.000345
33 27 200.008891 0.000656 -0.000345
34 27 200.008882 0.000656 -0.000345
35 27 200.008872 0.000656 -0.000345
36 27 200.008861 0.000656 -0.000345
37 27 200.008850 0.000656 -0.000344
38 27 200.008839 0.000656 -0.000344
39 27 200.008826 0.000656 -0.000344
40 27 200.008813 0.000656 -0.000343
41 27 200.008799 0.000656 -0.000343
42 27 200.008784 0.000656 -0.000343
43 27 200.008768 0.000656 -0.000342
44 27 200.008750 0.000656 -0.000342
45 27 200.008731 0.000656 -0.000339
46 27 200.008708 0.000656 -0.000342
47 27 200.008686 0.000656 -0.000332
48 27 200.008650 0.000656 -0.000350
49 27 200.008603 0.000656 -0.000299
50 27 200.008563 0.000656 -0.000401
0 28 200.008607 0.000656 -0.000299
1 28 200.008564 0.000656 -0.000401
2 28 200.008591 0.000656 -0.000348
3 28 200.008629 0.000656 -0.000365
4 28 200.008664 0.000656 -0.000355
5 28 200.008692 0.000656 -0.000357
6 28 200.008718 0.000656 -0.000354
7 28 200.008743 0.000656 -0.000354
8 28 200.008765 0.000656 -0.000353
9 28 200.008786 0.000656 -0.000352
10 28 200.008805 0.000656 -0.000351
11 28 200.008823 0.000656 -0.000351
12 28 200.008840 0.000656 -0.000350
13 28 200.008855 0.000656 -0.000349
14 28 200.008868 0.000656 -0.000349
15 28 200.008881 0.000656 -0.000349
16 28 200.008892 0.000656 -0.000348
17 28 200.008901 0.000656 -0.000348
18 28 200.008910 0.000656 -0.000348
19 28 200.008916 0.000656 -0.000347
20 28 200.008922 0.000656 -0.000347
21 28 200.008926 0.000656 -0.000347
22 28 200.008929 0.000656 -0.000347
23 28 200.008930 0.000656 -0.000347
24 28 200.008930 0.000656 -0.000346
25 28 200.008929 0.000656 -0.000346
26 28 200.008927 0.000656 -0.000346
27 28 200.008924 0.000656 -0.000346
28 28 200.008919 0.000656 -0.000346
29 28 200.008914 0.000656 -0.000346
30 28 200.008907 0.000656 -0.000346
31 28 200.008900 0.000656 -0.000345
32 28 200.008892 0.000656 -0.000345
33 28 200.008884 0.000656 -0.000345
34 28 200.008875 0.000656 -0.000345
35 28 200.008865 0.000656 -0.000345
36 28 200.008855 0.000656 -0.000344
37 28 200.008844 0.000656 -0.000344
38 28 200.008833 0.000656 -0.000344
39 28 200.008821 0.000656 -0.000344
40 28 200.008808 0.000656 -0.000343
41 28 200.008795 0.000656 -0.000343
42 28 200.008781 0.000656 -0.000343
43 28 200.008765 0.000656 -0.000342
44 28 200.008748 0.000656 -0.000342
45 28 200.008729 0.000656 -0.000339
46 28 200.008708 0.000656 -0.000342
47 28 200.008687 0.000656 -0.000332
48 28 200.008651 0.000656 -0.000350
49 28 200.008607 0.000656 -0.000299
50 28 200.008564 0.000656 -0.000401
0 29 200.008611 0.000656 -0.000299
1 29 200.008566 0.000656 -0.000401
2 29 200.008596 0.000656 -0.000348
3 29 200.008634 0.000656 -0.000365
4 29 200.008669 0.000656 -0.000355
5 29 200.008698 0.000656 -0.000357
6 29 200.008725 0.000656 -0.000354
7 29 200.008749 0.000656 -0.000354
8 29 200.008772 0.000656 -0.000353
9 29 200.008793 0.000656 -0.000352
10 29 200.008812 0.000656 -0.000351
11 29 200.008830 0.000656 -0.000351
12 29 200.008846 0.000656 -0.000350
13 29 200.008860 0.000656 -0.000349
14 29 200.008874 0.000656 -0.000349
15 29 200.008885 0.000656 -0.000349
16 29 200.008896 0.000656 -0.000348
17 29 200.008905 0.000656 -0.000348
18 29 200.008912 0.000656 -0.000348
19 29 200.008918 0.000656 -0.000347
20 29 200.008923 0.000656 -0.000347
21 29 200.008926 0.000656 -0.000347
22 29 200.008928 0.000656 -0.000347
23 29 200.008928 0.000656 -0.000347
24 29 200.008928 0.000656 -0.000346
25 29 200.008926 0.000656 -0.000346
26 29 200.008923 0.000656 -0.000346
27 29 200.008919 0.000656 -0.000346
28 29 200.008914 0.000656 -0.000346
29 29 200.008908 0.000656 -0.000346
30 29 200.008901 0.000656 -0.000346
31 29 200.008894 0.000656 -0.000345
32 29 200.008886 0.000656 -0.000345
33 29 200.008877 0.000656 -0.000345
34 29 200.008868 0.000656 -0.000345
35 29 200.008858 0.000656 -0.000345
36 29 200.008848 0.000656 -0.000344
37 29 200.008838 0.000656 -0.000344
38 29 200.008827 0.000656 -0.000344
39 29 200.008816 0.000656 -0.000344
40 29 200.008804 0.000656 -0.000343
41 29 200.008791 0.000656 -0.000343
42 29 200.008778 0.000656 -0.000343
43 29 200.008763 0.000656 -0.000342
44 29 200.008747 0.000656 -0.000342
45 29 200.008729 0.000656 -0.000339
46 29 200.008708 0.000656 -0.000342
47 29 200.008688 0.000656 -0.000332
48 29 200.008653 0.000656 -0.000350
49 29 200.008611 0.000656 -0.000299
50 29 200.008566 0.000656 -0.000401
0 30 200.008617 0.000656 -0.000299
1 30 200.008569 0.000656 -0.000401
2 30 200.008601 0.000656 -0.000348
3 30 200.008639 0.000656 -0.000365
4 30 200.008675 0.000656 -0.000355
5 30 200.008704 0.000656 -0.000357
6 30 200.008731 0.000656 -0.000354
7 30 200.008756 0.000656 -0.000354
8 30 200.008779 0.000656 -0.000353
9 30 200.008799 0.000656 -0.000352
10 30 200.008818 0.000656 -0.000351
11 30 200.008836 0.000656 -0.000351
12 30 200.008851 0.000656 -0.000350
13 30 200.008866 0.000656 -0.000349
14 30 200.008878 0.000656 -0.000349
15 30 200.008889 0.000656 -0.000349
16 30 200.008899 0.000656 -0.000348
17 30 200.008907 0.000656 -0.000348
18 30 200.008913 0.000656 -0.000348
19 30 200.008919 0.000656 -0.000347
20 30 200.008922 0.000656 -0.000347
21 30 200.008925 0.000656 -0.000347
22 30 200.008926 0.000656 -0.000347
23 30 200.008925 0.000656 -0.000347
24 30 200.008924 0.000656 -0.000346
25 30 200.008921 0.000656 -0.000346
26 30 200.008918 0.000656 -0.000346
27 30 200.008913 0.000656 -0.000346
28 30 200.008908 0.000656 -0.000346
29 30 200.008901 0.000656 -0.000346
30 30 200.008894 0.000656 -0.000346
31 30 200.008887 0.000656 -0.000345
32 30 200.008879 0.000656 -0.000345
33 30 200.008870 0.000656 -0.000345
34 30 200.008861 0.000656 -0.000345
35 30 200.008852 0.000656 -0.000345
36 30 200.008842 0.000656 -0.000344
37 30 200.008832 0.000656 -0.000344
38 30 200.008822 0.000656 -0.000344
39 30 200.008811 0.000656 -0.000344
40 30 200.008800 0.000656 -0.000343
41 30 200.008788 0.000656 -0.000343
42 30 200.008776 0.000656 -0.000343
43 30 200.008762 0.000656 -0.000342
44 30 200.008746 0.000656 -0.000342
45 30 200.008730 0.000656 -0.000339
46 30 200.008710 0.000656 -0.000342
47 30 200.008691 0.000656 -0.000332
48 30 200.008656 0.000656 -0.000350
49 30 200.008617 0.000656 -0.000299
50 30 200.008569 0.000656 -0.000401
0 31 200.008622 0.000656 -0.000299
1 31 200.008573 0.000656 -0.000401
2 31 200.008607 0.000656 -0.000348
3 31 200.008645 0.000656 -0.000365
4 31 200.008682 0.000656 -0.000355
5 31 200.008711 0.000656 -0.000357
6 31 200.008738 0.000656 -0.000354
7 31 200.008763 0.000656 -0.000354
8 31 200.008785 0.000656 -0.000353
9 31 200.008806 0.000656 -0.000352
10 31 200.008825 0.000656 -0.000351
11 31 200.008841 0.000656 -0.000351
12 31 200.008857 0.000656 -0.000350
13 31 200.008870 0.000656 -0.000349
14 31 200.008882 0.000656 -0.000349
15 31 200.008892 0.000656 -0.000349
16 31 200.008901 0.000656 -0.000348
17 31 200.008908 0.000656 -0.000348
18 31 200.008914 0.000656 -0.000348
19 31 200.008918 0.000656 -0.000347
20 31 200.008921 0.000656 -0.000347
21 31 200.008923 0.000656 -0.000347
22 31 200.008923 0.000656 -0.000347
23 31 200.008922 0.000656 -0.000347
24 31 200.008920 0.000656 -0.000346
25 31 200.008916 0.000656 -0.000346
26 31 200.008912 0.000656 -0.000346
27 31 200.008907 0.000656 -0.000346
28 31 200.008901 0.000656 -0.000346
29 31 200.008895 0.000656 -0.000346
30 31 200.008887 0.000656 -0.000346
31 31 200.008880 0.000656 -0.000345
32 31 200.008872 0.000656 -0.000345
33 31 200.008863 0.000656 -0.000345
34 31 200.008855 0.000656 -0.000345
35 31 200.008846 0.000656 -0.000345
36 31 200.008837 0.000656 -0.000344
37 31 200.008827 0.000656 -0.000344
38 31 200.008818 0.000656 -0.000344
39 31 200.008808 0.000656 -0.000344
40 31 200.008797 0.000656 -0.000343
41 31 200.008786 0.000656 -0.000343
42 31 200.008774 0.000656 -0.000343
43 31 200.008762 0.000656 -0.000342
44 31 200.008747 0.000656 -0.000342
45 31 200.008731 0.000656 -0.000339
46 31 200.008712 0.000656 -0.000342
47 31 200.008694 0.000656 -0.000332
48 31 200.008660 0.000656 -0.000350
49 31 200.008622 0.000656 -0.000299
50 31 200.008573 0.000656 -0.000401
0 32 200.008629 0.000656 -0.000299
1 32 200.008577 0.000656 -0.000401
2 32 200.008613 0.000656 -0.000348
3 32 200.008651 0.000656 -0.000365
4 32 200.008688 0.000656 -0.000355
5 32 200.008718 0.000656 -0.000357
6 32 200.008745 0.000656 -0.000354
7 32 200.008769 0.000656 -0.000354
8 32 200.008792 0.000656 -0.000353
9 32 200.008812 0.000656 -0.000352
10 32 200.008830 0.000656 -0.000351
11 32 200.008847 0.000656 -0.000351
12 32 200.008861 0.000656 -0.000350
13 32 200.008874 0.000656 -0.000349
14 32 200.008885 0.000656 -0.000349
15 32 200.008895 0.000656 -0.000349
16 32 200.008903 0.000656 -0.000348
17 32 200.008909 0.000656 -0.000348
18 32 200.008914 0.000656 -0.000348
19 32 200.008917 0.000656 -0.000347
20 32 200.008919 0.000656 -0.000347
21 32 200.008920 0.000656 -0.000347
22 32 200.008919 0.000656 -0.000347
23 32 200.008917 0.000656 -0.000347
24 32 200.008914 0.000656 -0.000346
25 32 200.008911 0.000656 -0.000346
26 32 200.008906 0.000656 -0.000346
27 32 200.008900 0.000656 -0.000346
28 32 200.008894 0.000656 -0.000346
29 32 200.008888 0.000656 -0.000346
30 32 200.008880 0.000656 -0.000346
31 32 200.008873 0.000656 -0.000345
32 32 200.008865 0.000656 -0.000345
33 32 200.008857 0.000656 -0.000345
34 32 200.008848 0.000656 -0.000345
35 32 200.008840 0.000656 -0.000345
36 32 200.008831 0.000656 -0.000344
37 32 200.008823 0.000656 -0.000344
38 32 200.008814 0.000656 -0.000344
39 32 200.008805 0.000656 -0.000344
40 32 200.008795 0.000656 -0.000343
41 32 200.008785 0.000656 -0.000343
42 32 200.008774 0.000656 -0.000343
43 32 200.008762 0.000656 -0.000342
44 32 200.008749 0.000656 -0.000342
45 32 200.008734 0.000656 -0.000339
46 32 200.008715 0.000656 -0.000342
47 32 200.008698 0.000656 -0.000332
48 32 200.008664 0.000656 -0.000350
49 32 200.008629 0.000656 -0.000299
50 32 200.008577 0.000656 -0.000401
0 33 200.008635 0.000656 -0.000299
1 33 200.008583 0.000656 -0.000401
2 33 200.008620 0.000656 -0.000348
3 33 200.008658 0.000656 -0.000365
4 33 200.008695 0.000656 -0.000355
5 33 200.008725 0.000656 -0.000357
6 33 200.008752 0.000656 -0.000354
7 33 200.008776 0.000656 -0.000354
8 33 200.008798 0.000656 -0.000353
9 33 200.008818 0.000656 -0.000352
10 33 200.008836 0.000656 -0.000351
11 33 200.008851 0.000656 -0.000351
12 33 200.008865 0.000656 -0.000350
13 33 200.008877 0.000656 -0.000349
14 33 200.008887 0.000656 -0.000349
15 33 200.008896 0.000656 -0.000349
16 33 200.008903 0.000656 -0.000348
17 33 200.008908 0.000656 -0.000348
18 33 200.008912 0.000656 -0.000348
19 33 200.008915 0.000656 -0.000347
20 33 200.008916 0.000656 -0.000347
21 33 200.008916 0.000656 -0.000347
22 33 200.008914 0.000656 -0.000347
23 33 200.008912 0.000656 -0.000347
24 33 200.008909 0.000656 -0.000346
25 33 200.008904 0.000656 -0.000346
26 33 200.008899 0.000656 -0.000346
27 33 200.008893 0.000656 -0.000346
28 33 200.008887 0.000656 -0.000346
29 33 200.008880 0.000656 -0.000346
30 33 200.008873 0.000656 -0.000346
31 33 200.008866 0.000656 -0.000345
32 33 200.008858 0.000656 -0.000345
33 33 200.008851 0.000656 -0.000345
34 33 200.008843 0.000656 -0.000345
35 33 200.008835 0.000656 -0.000345
36 33 200.008827 0.000656 -0.000344
37 33 200.008819 0.000656 -0.000344
38 33 200.008811 0.000656 -0.000344
39 33 200.008803 0.000656 -0.000344
40 33 200.008794 0.000656 -0.000343
41 33 200.008785 0.000656 -0.000343
42 33 200.008775 0.000656 -0.000343
43 33 200.008764 0.000656 -0.000342
44 33 200.008751 0.000656 -0.000342
45 33 200.008737 0.000656 -0.000339
46 33 200.008719 0.000656 -0.000342
47 33 200.008703 0.000656 -0.000332
48 33 200.008670 0.000656 -0.000350
49 33 200.008635 0.000656 -0.000299
50 33 200.008583 0.000656 -0.000401
0 34 200.008642 0.000656 -0.000299
1 34 200.008589 0.000656 -0.000401
2 34 200.008627 0.000656 -0.000348
3 34 200.008665 0.000656 -0.000365
4 34 200.008702 0.000656 -0.000355
5 34 200.008732 0.000656 -0.000357
6 34 200.008758 0.000656 -0.000354
7 34 200.008782 0.000656 -0.000354
8 34 200.008804 0.000656 -0.000353
9 34 200.008823 0.000656 -0.000352
10 34 200.008840 0.000656 -0.000351
11 34 200.008855 0.000656 -0.000351
12 34 200.008868 0.000656 -0.000350
13 34 200.008880 0.000656 -0.000349
14 34 200.008889 0.000656 -0.000349
15 34 200.008897 0.000656 -0.000349
16 34 200.008903 0.000656 -0.000348
17 34 200.008907 0.000656 -0.000348
18 34 200.008910 0.000656 -0.000348
19 34 200.008912 0.000656 -0.000347
20 34 200.008912 0.000656 -0.000347
21 34 200.008911 0.000656 -0.000347
22 34 200.008909 0.000656 -0.000347
23 34 200.008906 0.000656 -0.000347
24 34 200.008902 0.000656 -0.000346
25 34 200.008898 0.000656 -0.000346
26 34 200.008892 0.000656 -0.000346
27 34 200.008886 0.000656 -0.000346
28 34 200.008880 0.000656 -0.000346
29 34 200.008873 0.000656 -0.000346
30 34 200.008866 0.000656 -0.000346
31 34 200.008859 0.000656 -0.000345
32 34 200.008852 0.000656 -0.000345
33 34 200.008845 0.000656 -0.000345
34 34 200.008837 0.000656 -0.000345
35 34 200.008830 0.000656 -0.000345
36 34 200.008823 0.000656 -0.000344
37 34 200.008816 0.000656 -0.000344
38 34 200.008809 0.000656 -0.000344
39 34 200.008801 0.000656 -0.000344
40 34 200.008794 0.000656 -0.000343
41 34 200.008785 0.000656 -0.000343
42 34 200.008776 0.000656 -0.000343
43 34 200.008766 0.000656 -0.000342
44 34 200.008754 0.000656 -0.000342
45 34 200.008741 0.000656 -0.000339
46 34 200.008724 0.000656 -0.000342
47 34 200.008709 0.000656 -0.000332
48 34 200.008675 0.000656 -0.000350
49 34 200.008642 0.000656 -0.000299
50 34 200.008589 0.000656 -0.000401
0 35 200.008649 0.000656 -0.000299
1 35 200.008595 0.000656 -0.000401
2 35 200.008634 0.000656 -0.000348
3 35 200.008672 0.000656 -0.000365
4 35 200.008709 0.000656 -0.000355
5 35 200.008738 0.000656 -0.000357
6 35 200.008765 0.000656 -0.000354
7 35 200.008788 0.000656 -0.000354
8 35 200.008809 0.000656 -0.000353
9 35 200.008828 0.000656 -0.000352
10 35 200.008844 0.000656 -0.000351
11 35 200.008858 0.000656 -0.000351
12 35 200.008871 0.000656 -0.000350
13 35 200.008881 0.000656 -0.000349
14 35 200.008889 0.000656 -0.000349
15 35 200.008896 0.000656 -0.000349
16 35 200.008901 0.000656 -0.000348
17 35 200.008905 0.000656 -0.000348
18 35 200.008907 0.000656 -0.000348
19 35 200.008908 0.000656 -0.000347
20 35 200.008907 0.000656 -0.000347
21 35 200.008906 0.000656 -0.000347
22 35 200.008903 0.000656 -0.000347
23 35 200.008900 0.000656 -0.000347
24 35 200.008895 0.000656 -0.000346
25 35 200.008890 0.000656 -0.000346
26 35 200.008885 0.000656 -0.000346
27 35 200.008879 0.000656 -0.000346
28 35 200.008873 0.000656 -0.000346
29 35 200.008866 0.000656 -0.000346
30 35 200.008859 0.000656 -0.000346
31 35 200.008853 0.000656 -0.000345
32 35 200.008846 0.000656 -0.000345
33 35 200.008839 0.000656 -0.000345
34 35 200.008833 0.000656 -0.000345
35 35 200.008826 0.000656 -0.000345
36 35 200.008820 0.000656 -0.000344
37 35 200.008814 0.000656 -0.000344
38 35 200.008808 0.000656 -0.000344
39 35 200.008801 0.000656 -0.000344
40 35 200.008794 0.000656 -0.000343
41 35 200.008787 0.000656 -0.000343
42 35 200.008779 0.000656 -0.000343
43 35 200.008769 0.000656 -0.000342
44 35 200.008758 0.000656 -0.000342
45 35 200.008746 0.000656 -0.000339
46 35 200.008729 0.000656 -0.000342
47 35 200.008715 0.000656 -0.000332
48 35 200.008682 0.000656 -0.000350
49 35 200.008649 0.000656 -0.000299
50 35 200.008595 0.000656 -0.000401
0 36 200.008657 0.000656 -0.000299
1 36 200.008602 0.000656 -0.000400
2 36 200.008642 0.000656 -0.000348
3 36 200.008679 0.000656 -0.000365
4 36 200.008716 0.000656 -0.000355
5 36 200.008745 0.000656 -0.000357
6 36 200.008771 0.000656 -0.000354
7 36 200.008794 0.000656 -0.000354
8 36 200.008814 0.000656 -0.000353
9 36 200.008832 0.000656 -0.000352
10 36 200.008848 0.000656 -0.000351
11 36 200.008861 0.000656 -0.000351
12 36 200.008872 0.000656 -0.000350
13 36 200.008882 0.000656 -0.000349
14 36 200.008889 0.000656 -0.000349
15 36 200.008895 0.000656 -0.000349
16 36 200.008899 0.000656 -0.000348
17 36 200.008902 0.000656 -0.000348
18 36 200.008903 0.000656 -0.000348
19 36 200.008903 0.000656 -0.000347
20 36 200.008902 0.000656 -0.000347
21 36 200.008900 0.000656 -0.000347
22 36 200.008897 0.000656 -0.000347
23 36 200.008893 0.000656 -0.000347
24 36 200.008888 0.000656 -0.000346
25 36 200.008883 0.000656 -0.000346
26 36 200.008877 0.000656 -0.000346
27 36 200.008871 0.000656 -0.000346
28 36 200.008865 0.000656 -0.000346
29 36 200.008859 0.000656 -0.000346
30 36 200.008853 0.000656 -0.000346
31 36 200.008847 0.000656 -0.000345
32 36 200.008841 0.000656 -0.000345
33 36 200.008835 0.000656 -0.000345
34 36 200.008829 0.000656 -0.000345
35 36 200.008823 0.000656 -0.000345
36 36 200.008818 0.000656 -0.000345
37 36 200.008813 0.000656 -0.000344
38 36 200.008807 0.000656 -0.000344
39 36 200.008802 0.000656 -0.000344
40 36 200.008796 0.000656 -0.000343
41 36 200.008789 0.000656 -0.000343
42 36 200.008782 0.000656 -0.000343
43 36 200.008773 0.000656 -0.000342
44 36 200.008763 0.000656 -0.000342
45 36 200.008751 0.000656 -0.000339
46 36 200.008735 0.000656 -0.000342
47 36 200.008721 0.000656 -0.000332
48 36 200.008689 0.000656 -0.000350
49 36 200.008657 0.000656 -0.000299
50 36 200.008602 0.000656 -0.000400
0 37 200.008664 0.000656 -0.000299
1 37 200.008609 0.000656 -0.000400
2 37 200.008649 0.000656 -0.000348
3 37 200.008686 0.000656 -0.000365
4 37 200.008723 0.000656 -0.000355
5 37 200.008751 0.000656 -0.000357
6 37 200.008776 0.000656 -0.000354
7 37 200.008799 0.000656 -0.000354
8 37 200.008818 0.000656 -0.000353
9 37 200.008835 0.000656 -0.000352
10 37 200.008850 0.000656 -0.000351
11 37 200.008862 0.000656 -0.000351
12 37 200.008873 0.000656 -0.000350
13 37 200.008881 0.000656 -0.000349
14 37 200.008888 0.000656 -0.000349
15 37 200.008893 0.000656 -0.000349
16 37 200.008896 0.000656 -0.000348
17 37 200.008898 0.000656 -0.000348
18 37 200.008898 0.000656 -0.000348
19 37 200.008898 0.000656 -0.000347
20 37 200.008896 0.000656 -0.000347
21 37 200.008893 0.000656 -0.000347
22 37 200.008890 0.000656 -0.000347
23 37 200.008885 0.000656 -0.000347
24 37 200.008881 0.000656 -0.000346
25 37 200.008875 0.000656 -0.000346
26 37 200.008870 0.000656 -0.000346
27 37 200.008864 0.000656 -0.000346
28 37 200.008858 0.000656 -0.000346
29 37 200.008852 0.000656 -0.000346
30 37 200.008847 0.000656 -0.000346
31 37 200.008841 0.000656 -0.000345
32 37 200.008836 0.000656 -0.000345
33 37 200.008831 0.000656 -0.000345
34 37 200.008826 0.000656 -0.000345
35 37 200.008821 0.000656 -0.000345
36 37 200.008817 0.000656 -0.000345
37 37 200.008812 0.000656 -0.000344
38 37 200.008808 0.000656 -0.000344
39 37 200.008803 0.000656 -0.000344
40 37 200.008798 0.000656 -0.000343
41 37 200.008792 0.000656 -0.000343
42 37 200.008786 0.000656 -0.000343
43 37 200.008778 0.000656 -0.000342
44 37 200.008769 0.000656 -0.000342
45 37 200.008757 0.000656 -0.000339
46 37 200.008742 0.000656 -0.000342
47 37 200.008728 0.000656 -0.000332
48 37 200.008696 0.000656 -0.000350
49 37 200.008664 0.000656 -0.000299
50 37 200.008609 0.000656 -0.000400
0 38 200.008671 0.000656 -0.000299
1 38 200.008616 0.000656 -0.000400
2 38 200.008656 0.000656 -0.000348
3 38 200.008693 0.000656 -0.000365
4 38 200.008729 0.000656 -0.000355
5 38 200.008757 0.000656 -0.000357
6 38 200.008782 0.000656 -0.000354
7 38 200.008803 0.000656 -0.000354
8 38 200.008822 0.000656 -0.000353
9 38 200.008838 0.000656 -0.000352
10 38 200.008852 0.000656 -0.000351
11 38 200.008863 0.000656 -0.000351
12 38 200.008873 0.000656 -0.000350
13 38 200.008880 0.000656 -0.000349
14 38 200.008886 0.000656 -0.000349
15 38 200.008890 0.000656 -0.000349
16 38 200.008892 0.000656 -0.000348
17 38 200.008893 0.000656 -0.000348
18 38 200.008893 0.000656 -0.000348
19 38 200.008892 0.000656 -0.000347
20 38 200.008889 0.000656 -0.000347
21 38 200.008886 0.000656 -0.000347
22 38 200.008882 0.000656 -0.000347
23 38 200.008878 0.000656 -0.000347
24 38 200.008873 0.000656 -0.000346
25 38 200.008868 0.000656 -0.000346
26 38 200.008863 0.000656 -0.000346
27 38 200.008857 0.000656 -0.000346
28 38 200.008852 0.000656 -0.000346
29 38 200.008846 0.000656 -0.000346
30 38 200.008841 0.000656 -0.000346
31 38 200.008836 0.000656 -0.000345
32 38 200.008832 0.000656 -0.000345
33 38 200.008827 0.000656 -0.000345
34 38 200.008823 0.000656 -0.000345
35 38 200.008820 0.000656 -0.000345
36 38 200.008816 0.000656 -0.000345
37 38 200.008813 0.000656 -0.000344
38 38 200.008809 0.000656 -0.000344
39 38 200.008805 0.000656 -0.000344
40 38 200.008801 0.000656 -0.000343
41 38 200.008796 0.000656 -0.000343
42 38 200.008791 0.000656 -0.000343
43 38 200.008784 0.000656 -0.000342
44 38 200.008775 0.000656 -0.000342
45 38 200.008764 0.000656 -0.000339
46 38 200.008749 0.000656 -0.000342
47 38 200.008735 0.000656 -0.000332
48 38 200.008703 0.000656 -0.000350
49 38 200.008671 0.000656 -0.000299
50 38 200.008616 0.000656 -0.000400
0 39 200.008678 0.000656 -0.000299
1 39 200.008624 0.000656 -0.000400
2 39 200.008662 0.000656 -0.000348
3 39 200.008699 0.000656 -0.000365
4 39 200.008735 0.000656 -0.000355
5 39 200.008762 0.000656 -0.000357
6 39 200.008786 0.000656 -0.000354
7 39 200.008807 0.000656 -0.000354
8 39 200.008824 0.000656 -0.000353
9 39 200.008840 0.000656 -0.000352
10 39 200.008852 0.000656 -0.000351
11 39 200.008863 0.000656 -0.000351
12 39 200.008871 0.000656 -0.000350
13 39 200.008878 0.000656 -0.000349
14 39 200.008883 0.000656 -0.000349
15 39 200.008886 0.000656 -0.000349
16 39 200.008887 0.000656 -0.000348
17 39 200.008888 0.000656 -0.000348
18 39 200.008887 0.000656 -0.000348
19 39 200.008885 0.000656 -0.000347
20 39 200.008882 0.000656 -0.000347
21 39 200.008879 0.000656 -0.000347
22 39 200.008875 0.000656 -0.000347
23 39 200.008870 0.000656 -0.000347
24 39 200.008866 0.000656 -0.000346
25 39 200.008861 0.000656 -0.000346
26 39 200.008855 0.000656 -0.000346
27 39 200.008850 0.000656 -0.000346
28 39 200.008845 0.000656 -0.000346
29 39 200.008841 0.000656 -0.000346
30 39 200.008836 0.000656 -0.000346
31 39 200.008832 0.000656 -0.000345
32 39 200.008828 0.000656 -0.000345
33 39 200.008825 0.000656 -0.000345
34 39 200.008822 0.000656 -0.000345
35 39 200.008819 0.000656 -0.000345
36 39 200.008816 0.000656 -0.000345
37 39 200.008814 0.000656 -0.000344
38 39 200.008811 0.000656 -0.000344
39 39 200.008808 0.000656 -0.000344
40 39 200.008805 0.000656 -0.000343
41 39 200.008801 0.000656 -0.000343
42 39 200.008796 0.000656 -0.000343
43 39 200.008790 0.000656 -0.000342
44 39 200.008781 0.000656 -0.000342
45 39 200.008771 0.000656 -0.000339
46 39 200.008756 0.000656 -0.000342
47 39 200.008742 0.000656 -0.000332
48 39 200.008711 0.000656 -0.000350
49 39 200.008678 0.000656 -0.000299
50 39 200.008624 0.000656 -0.000400
0 40 200.008684 0.000656 -0.000299
1 40 200.008631 0.000656 -0.000400
2 40 200.008669 0.000656 -0.000348
3 40 200.008705 0.000656 -0.000365
4 40 200.008740 0.000656 -0.000355
5 40 200.008766 0.000656 -0.000357
6 40 200.008790 0.000656 -0.000354
7 40 200.008809 0.000656 -0.000354
8 40 200.008826 0.000656 -0.000353
9 40 200.008841 0.000656 -0.000352
10 40 200.008852 0.000656 -0.000351
11 40 200.008862 0.000656 -0.000351
12 40 200.008869 0.000656 -0.000350
13 40 200.008875 0.000656 -0.000349
14 40 200.008879 0.000656 -0.000349
15 40 200.008881 0.000656 -0.000349
16 40 200.008882 0.000656 -0.000348
17 40 200.008882 0.000656 -0.000348
18 40 200.008880 0.000656 -0.000348
19 40 200.008878 0.000656 -0.000347
20 40 200.008875 0.000656 -0.000347
21 40 200.008871 0.000656 -0.000347
22 40 200.008867 0.000656 -0.000347
23 40 200.008863 0.000656 -0.000347
24 40 200.008858 0.000656 -0.000346
25 40 200.008853 0.000656 -0.000346
26 40 200.008849 0.000656 -0.000346
27 40 200.008844 0.000656 -0.000346
28 40 200.008840 0.000656 -0.000346
29 40 200.008836 0.000656 -0.000346
30 40 200.008832 0.000656 -0.000346
31 40 200.008829 0.000656 -0.000345
32 40 200.008826 0.000656 -0.000345
33 40 200.008823 0.000656 -0.000345
34 40 200.008821 0.000656 -0.000345
35 40 200.008819 0.000656 -0.000345
36 40 200.008817 0.000656 -0.000345
37 40 200.008816 0.000656 -0.000344
38 40 200.008814 0.000656 -0.000344
39 40 200.008812 0.000656 -0.000344
40 40 200.008810 0.000656 -0.000343
41 40 200.008806 0.000656 -0.000343
42 40 200.008802 0.000656 -0.000343
43 40 200.008796 0.000656 -0.000342
44 40 200.008788 0.000656 -0.000342
45 40 200.008778 0.000656 -0.000339
46 40 200.008763 0.000656 -0.000342
47 40 200.008750 0.000656 -0.000332
48 40 200.008718 0.000656 -0.000350
49 40 200.008684 0.000656 -0.000299
50 40 200.008631 0.000656 -0.000400
0 41 200.008690 0.000656 -0.000299
1 41 200.008639 0.000656 -0.000400
2 41 200.008675 0.000656 -0.000348
3 41 200.008711 0.000656 -0.000365
4 41 200.008745 0.000656 -0.000355
5 41 200.008770 0.000656 -0.000357
6 41 200.008792 0.000656 -0.000354
7 41 200.008811 0.000656 -0.000354
8 41 200.008827 0.000656 -0.000353
9 41 200.008841 0.000656 -0.000352
10 41 200.008851 0.000656 -0.000351
11 41 200.008860 0.000656 -0.000351
12 41 200.008867 0.000656 -0.000350
13 41 200.008871 0.000656 -0.000349
14 41 200.008874 0.000656 -0.000349
15 41 200.008876 0.000656 -0.000349
16 41 200.008876 0.000656 -0.000348
17 41 200.008875 0.000656 -0.000348
18 41 200.008874 0.000656 -0.000348
19 41 200.008871 0.000656 -0.000347
20 41 200.008868 0.000656 -0.000347
21 41 200.008864 0.000656 -0.000347
22 41 200.008860 0.000656 -0.000347
23 41 200.008855 0.000656 -0.000347
24 41 200.008851 0.000656 -0.000346
25 41 200.008847 0.000656 -0.000346
26 41 200.008842 0.000656 -0.000346
27 41 200.008838 0.000656 -0.000346
28 41 200.008835 0.000656 -0.000346
29 41 200.008831 0.000656 -0.000346
30 41 200.008828 0.000656 -0.000346
31 41 200.008826 0.000656 -0.000345
32 41 200.008824 0.000656 -0.000345
33 41 200.008822 0.000656 -0.000345
34 41 200.008821 0.000656 -0.000345
35 41 200.008820 0.000656 -0.000345
36 41 200.008820 0.000656 -0.000345
37 41 200.008819 0.000656 -0.000344
38 41 200.008818 0.000656 -0.000344
39 41 200.008817 0.000656 -0.000344
40 41 200.008815 0.000656 -0.000343
41 41 200.008812 0.000656 -0.000343
42 41 200.008808 0.000656 -0.000343
43 41 200.008803 0.000656 -0.000342
44 41 200.008795 0.000656 -0.000342
45 41 200.008785 0.000656 -0.000339
46 41 200.008771 0.000656 -0.000342
47 41 200.008757 0.000656 -0.000332
48 41 200.008725 0.000656 -0.000350
49 41 200.008690 0.000656 -0.000299
50 41 200.008639 0.000656 -0.000400
0 42 200.008695 0.000656 -0.000299
1 42 200.008646 0.000656 -0.000400
2 42 200.008680 0.000656 -0.000348
3 42 200.008716 0.000656 -0.000365
4 42 200.008749 0.000656 -0.000355
5 42 200.008773 0.000656 -0.000357
6 42 200.008795 0.000656 -0.000354
7 42 200.008812 0.000656 -0.000354
8 42 200.008827 0.000656 -0.000353
9 42 200.008840 0.000656 -0.000352
10 42 200.008850 0.000656 -0.000351
11 42 200.008857 0.000656 -0.000351
12 42 200.008863 0.000656 -0.000350
13 42 200.008867 0.000656 -0.000349
14 42 200.008869 0.000656 -0.000349
15 42 200.008870 0.000656 -0.000349
16 42 200.008870 0.000656 -0.000348
17 42 200.008869 0.000656 -0.000348
18 42 200.008866 0.000656 -0.000348
19 42 200.008864 0.000656 -0.000347
20 42 200.008860 0.000656 -0.000347
21 42 200.008856 0.000656 -0.000347
22 42 200.008852 0.000656 -0.000347
23 42 200.008848 0.000656 -0.000347
24 42 200.008844 0.000656 -0.000346
25 42 200.008840 0.000656 -0.000346
26 42 200.008837 0.000656 -0.000346
27 42 200.008833 0.000656 -0.000346
28 42 200.008830 0.000656 -0.000346
29 42 200.008828 0.000656 -0.000346
30 42 200.008826 0.000656 -0.000346
31 42 200.008824 0.000656 -0.000345
32 42 200.008823 0.000656 -0.000345
33 42 200.008823 0.000656 -0.000345
34 42 200.008822 0.000656 -0.000345
35 42 200.008822 0.000656 -0.000345
36 42 200.008822 0.000656 -0.000345
37 42 200.008822 0.000656 -0.000344
38 42 200.008822 0.000656 -0.000344
39 42 200.008822 0.000656 -0.000344
40 42 200.008821 0.000656 -0.000343
41 42 200.008818 0.000656 -0.000343
42 42 200.008815 0.000656 -0.000343
43 42 200.008810 0.000656 -0.000342
44 42 200.008802 0.000656 -0.000342
45 42 200.008792 0.000656 -0.000339
46 42 200.008778 0.000656 -0.000342
47 42 200.008764 0.000656 -0.000332
48 42 200.008732 0.000656 -0.000350
49 42 200.008695 0.000656 -0.000299
50 42 200.008646 0.000656 -0.000400
0 43 200.008700 0.000656 -0.000299
1 43 200.008653 0.000656 -0.000400
2 43 200.008685 0.000656 -0.000348
3 43 200.008720 0.000656 -0.000365
4 43 200.008752 0.000656 -0.000355
5 43 200.008775 0.000656 -0.000357
6 43 200.008796 0.000656 -0.000354
7 43 200.008813 0.000656 -0.000354
8 43 200.008827 0.000656 -0.000353
9 43 200.008838 0.000656 -0.000352
10 43 200.008847 0.000656 -0.000351
11 43 200.008854 0.000656 -0.000351
12 43 200.008859 0.000656 -0.000350
13 43 200.008862 0.000656 -0.000349
14 43 200.008864 0.000656 -0.000349
15 43 200.008864 0.000656 -0.000349
16 43 200.008863 0.000656 -0.000348
17 43 200.008861 0.000656 -0.000348
18 43 200.008859 0.000656 -0.000348
19 43 200.008856 0.000656 -0.000347
20 43 200.008853 0.000656 -0.000347
21 43 200.008849 0.000656 -0.000347
22 43 200.008845 0.000656 -0.000347
23 43 200.008842 0.000656 -0.000347
24 43 200.008838 0.000656 -0.000346
25 43 200.008835 0.000656 -0.000346
26 43 200.008832 0.000656 -0.000346
27 43 200.008829 0.000656 -0.000346
28 43 200.008827 0.000656 -0.000346
29 43 200.008825 0.000656 -0.000346
30 43 200.008824 0.000656 -0.000346
31 43 200.008823 0.000656 -0.000345
32 43 200.008823 0.000656 -0.000345
33 43 200.008824 0.000656 -0.000345
34 43 200.008824 0.000656 -0.000345
35 43 200.008825 0.000656 -0.000345
36 43 200.008826 0.000656 -0.000345
37 43 200.008827 0.000656 -0.000344
38 43 200.008827 0.000656 -0.000344
39 43 200.008828 0.000656 -0.000344
40 43 200.008827 0.000656 -0.000343
41 43 200.008825 0.000656 -0.000343
42 43 200.008822 0.000656 -0.000343
43 43 200.008817 0.000656 -0.000342
44 43 200.008809 0.000656 -0.000342
45 43 200.008799 0.000656 -0.000339
46 43 200.008785 0.000656 -0.000342
47 43 200.008770 0.000656 -0.000332
48 43 200.008739 0.000656 -0.000350
49 43 200.008700 0.000656 -0.000299
50 43 200.008653 0.000656 -0.000400
0 44 200.008704 0.000656 -0.000299
1 44 200.008659 0.000656 -0.000400
2 44 200.008689 0.000656 -0.000348
3 44 200.008723 0.000656 -0.000365
4 44 200.008754 0.000656 -0.000355
5 44 200.008777 0.000656 -0.000357
6 44 200.008796 0.000656 -0.000354
7 44 200.008812 0.000656 -0.000354
8 44 200.008825 0.000656 -0.000353
9 44 200.008835 0.000656 -0.000352
10 44 200.008844 0.000656 -0.000351
11 44 200.008850 0.000656 -0.000350
12 44 200.008854 0.000656 -0.000350
13 44 200.008856 0.000656 -0.000349
14 44 200.008857 0.000656 -0.000349
15 44 200.008857 0.000656 -0.000349
16 44 200.008856 0.000656 -0.000348
17 44 200.008854 0.000656 -0.000348
18 44 200.008852 0.000656 -0.000348
19 44 200.008849 0.000656 -0.000347
20 44 200.008845 0.000656 -0.000347
21 44 200.008842 0.000656 -0.000347
22 44 200.008839 0.000656 -0.000347
23 44 200.008835 0.000656 -0.000347
24 44 200.008832 0.000656 -0.000346
25 44 200.008829 0.000656 -0.000346
26 44 200.008827 0.000656 -0.000346
27 44 200.008825 0.000656 -0.000346
28 44 200.008824 0.000656 -0.000346
29 44 200.008823 0.000656 -0.000346
30 44 200.008823 0.000656 -0.000346
31 44 200.008823 0.000656 -0.000345
32 44 200.008824 0.000656 -0.000345
33 44 200.008825 0.000656 -0.000345
34 44 200.008827 0.000656 -0.000345
35 44 200.008829 0.000656 -0.000345
36 44 200.008830 0.000656 -0.000345
37 44 200.008832 0.000656 -0.000344
38 44 200.008833 0.000656 -0.000344
39 44 200.008834 0.000656 -0.000344
40 44 200.008833 0.000656 -0.000343
41 44 200.008832 0.000656 -0.000343
42 44 200.008829 0.000656 -0.000343
43 44 200.008824 0.000656 -0.000342
44 44 200.008816 0.000656 -0.000342
45 44 200.008806 0.000656 -0.000339
46 44 200.008792 0.000656 -0.000342
47 44 200.008776 0.000656 -0.000332
48 44 200.008745 0.000656 -0.000350
49 44 200.008704 0.000656 -0.000299
50 44 200.008659 0.000656 -0.000400
0 45 200.008708 0.000656 -0.000299
1 45 200.008665 0.000656 -0.000400
2 45 200.008692 0.000656 -0.000348
3 45 200.008726 0.000656 -0.000365
4 45 200.008756 0.000656 -0.000355
5 45 200.008777 0.000656 -0.000357
6 45 200.008796 0.000656 -0.000354
7 45 200.008810 0.000656 -0.000354
8 45 200.008823 0.000656 -0.000353
9 45 200.008832 0.000656 -0.000352
10 45 200.008839 0.000656 -0.000351
11 45 200.008845 0.000656 -0.000350
12 45 200.008848 0.000656 -0.000350
13 45 200.008850 0.000656 -0.000349
14 45 200.008851 0.000656 -0.000349
15 45 200.008850 0.000656 -0.000349
16 45 200.008849 0.000656 -0.000348
17 45 200.008847 0.000656 -0.000348
18 45 200.008844 0.000656 -0.000348
19 45 200.008841 0.000656 -0.000347
20 45 200.008838 0.000656 -0.000347
21 45 200.008835 0.000656 -0.000347
22 45 200.008832 0.000656 -0.000347
23 45 200.008830 0.000656 -0.000347
24 45 200.008827 0.000656 -0.000346
25 45 200.008825 0.000656 -0.000346
26 45 200.008824 0.000656 -0.000346
27 45 200.008823 0.000656 -0.000346
28 45 200.008822 0.000656 -0.000346
29 45 200.008822 0.000656 -0.000346
30 45 200.008823 0.000656 -0.000346
31 45 200.008824 0.000656 -0.000345
32 45 200.008826 0.000656 -0.000345
33 45 200.008828 0.000656 -0.000345
34 45 200.008830 0.000656 -0.000345
35 45 200.008833 0.000656 -0.000345
36 45 200.008835 0.000656 -0.000345
37 45 200.008837 0.000656 -0.000344
38 45 200.008839 0.000656 -0.000344
39 45 200.008840 0.000656 -0.000344
40 45 200.008840 0.000656 -0.000343
41 45 200.008839 0.000656 -0.000343
42 45 200.008836 0.000656 -0.000343
43 45 200.008831 0.000656 -0.000342
44 45 200.008823 0.000656 -0.000342
45 45 200.008813 0.000656 -0.000339
46 45 200.008798 0.000656 -0.000342
47 45 200.008782 0.000656 -0.000332
48 45 200.008750 0.000656 -0.000350
49 45 200.008708 0.000656 -0.000299
50 45 200.008665 0.000656 -0.000400
0 46 200.008710 0.000656 -0.000299
1 46 200.008670 0.000656 -0.000400
2 46 200.008695 0.000656 -0.000348
3 46 200.008728 0.000656 -0.000365
4 46 200.008756 0.000656 -0.000355
5 46 200.008777 0.000656 -0.000357
6 46 200.008794 0.000656 -0.000354
7 46 200.008808 0.000656 -0.000354
8 46 200.008819 0.000656 -0.000353
9 46 200.008828 0.000656 -0.000352
10 46 200.008835 0.000656 -0.000351
11 46 200.008839 0.000656 -0.000350
12 46 200.008842 0.000656 -0.000350
13 46 200.008844 0.000656 -0.000349
14 46 200.008844 0.000656 -0.000349
15 46 200.008843 0.000656 -0.000349
16 46 200.008842 0.000656 -0.000348
17 46 200.008840 0.000656 -0.000348
18 46 200.008837 0.000656 -0.000348
19 46 200.008835 0.000656 -0.000347
20 46 200.008832 0.000656 -0.000347
21 46 200.008829 0.000656 -0.000347
22 46 200.008827 0.000656 -0.000347
23 46 200.008825 0.000656 -0.000347
24 46 200.008823 0.000656 -0.000346
25 46 200.008822 0.000656 -0.000346
26 46 200.008821 0.000656 -0.000346
27 46 200.008821 0.000656 -0.000346
28 46 200.008821 0.000656 -0.000346
29 46 200.008822 0.000656 -0.000346
30 46 200.008824 0.000656 -0.000346
31 46 200.008826 0.000656 -0.000345
32 46 200.008829 0.000656 -0.000345
33 46 200.008831 0.000656 -0.000345
34 46 200.008835 0.000656 -0.000345
35 46 200.008838 0.000656 -0.000345
36 46 200.008841 0.000656 -0.000345
37 46 200.008843 0.000656 -0.000344
38 46 200.008845 0.000656 -0.000344
39 46 200.008847 0.000656 -0.000344
40 46 200.008847 0.000656 -0.000343
41 46 200.008846 0.000656 -0.000343
42 46 200.008843 0.000656 -0.000343
43 46 200.008837 0.000656 -0.000342
44 46 200.008829 0.000656 -0.000342
45 46 200.008818 0.000656 -0.000339
46 46 200.008803 0.000656 -0.000342
47 46 200.008787 0.000656 -0.000332
48 46 200.008755 0.000656 -0.000350
49 46 200.008710 0.000656 -0.000299
50 46 200.008670 0.000656 -0.000400
0 47 200.008712 0.000656 -0.000299
1 47 200.008675 0.000656 -0.000400
2 47 200.008697 0.000656 -0.000348
3 47 200.008729 0.000656 -0.000365
4 47 200.008756 0.000656 -0.000355
5 47 200.008775 0.000656 -0.000357
6 47 200.008792 0.000656 -0.000354
7 47 200.008805 0.000656 -0.000354
8 47 200.008815 0.000656 -0.000353
9 47 200.008823 0.000656 -0.000352
10 47 200.008829 0.000656 -0.000351
11 47 200.008833 0.000656 -0.000350
12 47 200.008836 0.000656 -0.000350
13 47 200.008837 0.000656 -0.000349
14 47 200.008837 0.000656 -0.000349
15 47 200.008836 0.000656 -0.000349
16 47 200.008835 0.000656 -0.000348
17 47 200.008833 0.000656 -0.000348
18 47 200.008830 0.000656 -0.000348
19 47 200.008828 0.000656 -0.000347
20 47 200.008826 0.000656 -0.000347
21 47 200.008824 0.000656 -0.000347
22 47 200.008822 0.000656 -0.000347
23 47 200.008820 0.000656 -0.000347
24 47 200.008819 0.000656 -0.000346
25 47 200.008819 0.000656 -0.000346
26 47 200.008819 0.000656 -0.000346
27 47 200.008820 0.000656 -0.000346
28 47 200.008821 0.000656 -0.000346
29 47 200.008823 0.000656 -0.000346
30 47 200.008826 0.000656 -0.000346
31 47 200.008829 0.000656 -0.000345
32 47 200.008832 0.000656 -0.000345
33 47 200.008836 0.000656 -0.000345
34 47 200.008839 0.000656 -0.000345
35 47 200.008843 0.000656 -0.000345
36 47 200.008847 0.000656 -0.000345
37 47 200.008850 0.000656 -0.000344
38 47 200.008852 0.000656 -0.000344
39 47 200.008853 0.000656 -0.000344
40 47 200.008854 0.000656 -0.000343
41 47 200.008852 0.000656 -0.000343
42 47 200.008849 0.000656 -0.000343
43 47 200.008844 0.000656 -0.000342
44 47 200.008835 0.000656 -0.000342
45 47 200.008824 0.000656 -0.000339
46 47 200.008808 0.000656 -0.000342
47 47 200.008791 0.000656 -0.000332
48 47 200.008759 0.000656 -0.000350
49 47 200.008712 0.000656 -0.000299
50 47 200.008675 0.000656 -0.000400
0 48 200.008713 0.000656 -0.000299
1 48 200.008681 0.000656 -0.000400
2 48 200.008698 0.000656 -0.000348
3 48 200.008729 0.000656 -0.000365
4 48 200.008754 0.000656 -0.000355
5 48 200.008773 0.000656 -0.000357
6 48 200.008789 0.000656 -0.000354
7 48 200.008801 0.000656 -0.000354
8 48 200.008811 0.000656 -0.000353
9 48 200.008818 0.000656 -0.000352
10 48 200.008823 0.000656 -0.000351
11 48 200.008827 0.000656 -0.000350
12 48 200.008829 0.000656 -0.000350
13 48 200.008830 0.000656 -0.000349
14 48 200.008830 0.000656 -0.000349
15 48 200.008829 0.000656 -0.000349
16 48 200.008828 0.000656 -0.000348
17 48 200.008826 0.000656 -0.000348
18 48 200.008824 0.000656 -0.000348
19 48 200.008822 0.000656 -0.000347
20 48 200.008820 0.000656 -0.000347
21 48 200.008819 0.000656 -0.000347
22 48 200.008818 0.000656 -0.000347
23 48 200.008817 0.000656 -0.000347
24 48 200.008817 0.000656 -0.000346
25 48 200.008817 0.000656 -0.000346
26 48 200.008818 0.000656 -0.000346
27 48 200.008820 0.000656 -0.000346
28 48 200.008822 0.000656 -0.000346
29 48 200.008825 0.000656 -0.000346
30 48 200.008828 0.000656 -0.000346
31 48 200.008832 0.000656 -0.000345
32 48 200.008836 0.000656 -0.000345
33 48 200.008840 0.000656 -0.000345
34 48 200.008845 0.000656 -0.000345
35 48 200.008849 0.000656 -0.000345
36 48 200.008853 0.000656 -0.000345
37 48 200.008856 0.000656 -0.000344
38 48 200.008859 0.000656 -0.000344
39 48 200.008860 0.000656 -0.000344
40 48 200.008860 0.000656 -0.000343
41 48 200.008859 0.000656 -0.000343
42 48 200.008855 0.000656 -0.000343
43 48 200.008850 0.000656 -0.000342
44 48 200.008841 0.000656 -0.000342
45 48 200.008829 0.000656 -0.000339
46 48 200.008813 0.000656 -0.000342
47 48 200.008793 0.000656 -0.000332
48 48 200.008762 0.000656 -0.000350
49 48 200.008713 0.000656 -0.000299
50 48 200.008681 0.000656 -0.000400
0 49 200.036133 0.000656 -0.000344
1 49 200.036100 0.000656 -0.000446
2 49 200.036117 0.000656 -0.000393
3 49 200.036156 0.000656 -0.000411
4 49 200.036185 0.000656 -0.000400
5 49 200.036208 0.000656 -0.000403
6 49 200.036226 0.000656 -0.000400
7 49 200.036241 0.000656 -0.000399
8 49 200.036253 0.000656 -0.000398
9 49 200.036263 0.000656 -0.000397
10 49 200.036270 0.000656 -0.000397
11 49 200.036276 0.000656 -0.000396
12 49 200.036279 0.000656 -0.000396
13 49 200.036282 0.000656 -0.000395
14 49 200.036283 0.000656 -0.000395
15 49 200.036284 0.000656 -0.000394
16 49 200.036283 0.000656 -0.000394
17 49 200.036283 0.000656 -0.000393
18 49 200.036282 0.000656 -0.000393
19 49 200.036282 0.000656 -0.000393
20 49 200.036281 0.000656 -0.000393
21 49 200.036281 0.000656 -0.000393
22 49 200.036281 0.000656 -0.000392
23 49 200.036282 0.000656 -0.000392
24 49 200.036283 0.000656 -0.000392
25 49 200.036284 0.000656 -0.000392
26 49 200.036287 0.000656 -0.000392
27 49 200.036290 0.000656 -0.000392
28 49 200.036293 0.000656 -0.000391
29 49 200.036297 0.000656 -0.000391
30 49 200.036301 0.000656 -0.000391
31 49 200.036306 0.000656 -0.000391
32 49 200.036311 0.000656 -0.000391
33 49 200.036315 0.000656 -0.000391
34 49 200.036320 0.000656 -0.000391
35 49 200.036324 0.000656 -0.000390
36 49 200.036328 0.000656 -0.000390
37 49 200.036331 0.000656 -0.000390
38 49 200.036333 0.000656 -0.000390
39 49 200.036333 0.000656 -0.000389
40 49 200.036331 0.000656 -0.000389
41 49 200.036328 0.000656 -0.000389
42 49 200.036321 0.000656 -0.000388
43 49 200.036312 0.000656 -0.000387
44 49 200.036300 0.000656 -0.000387
45 49 200.036283 0.000656 -0.000385
46 49 200.036262 0.000656 -0.000388
47 49 200.036236 0.000656 -0.000378
48 49 200.036199 0.000656 -0.000396
49 49 200.036133 0.000656 -0.000344
50 49 200.036100 0.000656 -0.000446
0 50 200.036022 0.000656 -0.000253
1 50 200.035982 0.000656 -0.000355
2 50 200.036000 0.000656 -0.000302
3 50 200.036037 0.000656 -0.000319
4 50 200.036065 0.000656 -0.000309
5 50 200.036087 0.000656 -0.000311
6 50 200.036105 0.000656 -0.000309
7 50 200.036120 0.000656 -0.000308
8 50 200.036131 0.000656 -0.000307
9 50 200.036141 0.000656 -0.000306
10 50 200.036148 0.000656 -0.000305
11 50 200.036153 0.000656 -0.000305
12 50 200.036157 0.000656 -0.000304
13 50 200.036160 0.000656 -0.000304
14 50 200.036161 0.000656 -0.000303
15 50 200.036162 0.000656 -0.000303
16 50 200.036162 0.000656 -0.000302
17 50 200.036162 0.000656 -0.000302
18 50 200.036162 0.000656 -0.000302
19 50 200.036163 0.000656 -0.000302
20 50 200.036163 0.000656 -0.000301
21 50 200.036163 0.000656 -0.000301
22 50 200.036165 0.000656 -0.000301
23 50 200.036166 0.000656 -0.000301
24 50 200.036168 0.000656 -0.000301
25 50 200.036171 0.000656 -0.000301
26 50 200.036174 0.000656 -0.000300
27 50 200.036178 0.000656 -0.000300
28 50 200.036182 0.000656 -0.000300
29 50 200.036187 0.000656 -0.000300
30 50 200.036192 0.000656 -0.000300
31 50 200.036198 0.000656 -0.000300
32 50 200.036203 0.000656 -0.000300
33 50 200.036208 0.000656 -0.000299
34 50 200.036213 0.000656 -0.000299
35 50 200.036218 0.000656 -0.000299
36 50 200.036222 0.000656 -0.000299
37 50 200.036225 0.000656 -0.000299
38 50 200.036227 0.000656 -0.000298
39 50 200.036227 0.000656 -0.000298
40 50 200.036225 0.000656 -0.000298
41 50 200.036221 0.000656 -0.000297
42 50 200.036215 0.000656 -0.000297
43 50 200.036205 0.000656 -0.000296
44 50 200.036192 0.000656 -0.000296
45 50 200.036174 0.000656 -0.000294
46 50 200.036152 0.000656 -0.000296
47 50 200.036126 0.000656 -0.000287
48 50 200.036087 0.000656 -0.000305
49 50 200.036022 0.000656 -0.000253
50 50 200.035982 0.000656 -0.000355
