0 0 1.000115 -0.118180
1 0 1.000113 -0.118310
2 0 0.999943 -0.117101
3 0 1.000003 -0.116788
4 0 0.999982 -0.116255
5 0 0.999994 -0.115911
6 0 0.999991 -0.115562
7 0 0.999994 -0.115279
8 0 0.999994 -0.115024
9 0 0.999995 -0.114805
10 0 0.999996 -0.114614
11 0 0.999996 -0.114448
12 0 0.999997 -0.114304
13 0 0.999997 -0.114180
14 0 0.999997 -0.114072
15 0 0.999998 -0.113978
16 0 0.999998 -0.113897
17 0 0.999998 -0.113826
18 0 0.999998 -0.113765
19 0 0.999998 -0.113711
20 0 0.999999 -0.113664
21 0 0.999999 -0.113623
22 0 0.999999 -0.113586
23 0 0.999999 -0.113553
24 0 0.999999 -0.113524
25 0 0.999999 -0.113498
26 0 0.999999 -0.113476
27 0 0.999999 -0.113457
28 0 0.999999 -0.113441
29 0 0.999999 -0.113430
30 0 0.999999 -0.113423
31 0 0.999999 -0.113422
32 0 0.999999 -0.113428
33 0 0.999999 -0.113441
34 0 0.999999 -0.113464
35 0 0.999999 -0.113499
36 0 0.999999 -0.113548
37 0 0.999999 -0.113613
38 0 0.999998 -0.113699
39 0 0.999998 -0.113808
40 0 0.999998 -0.113944
41 0 0.999998 -0.114114
42 0 0.999997 -0.114322
43 0 0.999997 -0.114579
44 0 0.999994 -0.114881
45 0 0.999997 -0.115270
46 0 0.999986 -0.115679
47 0 1.000007 -0.116316
48 0 0.999948 -0.116768
49 0 1.000115 -0.118180
50 0 1.000113 -0.118310
0 1 1.000115 -0.118182
1 1 1.000113 -0.118314
2 1 0.999943 -0.117108
3 1 1.000003 -0.116797
4 1 0.999982 -0.116266
5 1 0.999994 -0.115925
6 1 0.999991 -0.115579
7 1 0.999994 -0.115298
8 1 0.999994 -0.115045
9 1 0.999995 -0.114828
10 1 0.999996 -0.114637
11 1 0.999996 -0.114472
12 1 0.999997 -0.114328
13 1 0.999997 -0.114204
14 1 0.999997 -0.114095
15 1 0.999998 -0.114001
16 1 0.999998 -0.113918
17 1 0.999998 -0.113846
18 1 0.999998 -0.113783
19 1 0.999998 -0.113727
20 1 0.999999 -0.113677
21 1 0.999999 -0.113633
22 1 0.999999 -0.113593
23 1 0.999999 -0.113557
24 1 0.999999 -0.113525
25 1 0.999999 -0.113496
26 1 0.999999 -0.113471
27 1 0.999999 -0.113448
28 1 0.999999 -0.113430
29 1 0.999999 -0.113416
30 1 0.999999 -0.113407
31 1 0.999999 -0.113403
32 1 0.999999 -0.113407
33 1 0.999999 -0.113419
34 1 0.999999 -0.113441
35 1 0.999999 -0.113475
36 1 0.999999 -0.113523
37 1 0.999999 -0.113589
38 1 0.999998 -0.113675
39 1 0.999998 -0.113784
40 1 0.999998 -0.113922
41 1 0.999998 -0.114094
42 1 0.999997 -0.114304
43 1 0.999997 -0.114563
44 1 0.999994 -0.114867
45 1 0.999998 -0.115259
46 1 0.999986 -0.115671
47 1 1.000007 -0.116311
48 1 0.999949 -0.116767
49 1 1.000115 -0.118182
50 1 1.000113 -0.118314
0 2 1.000115 -0.118186
1 2 1.000114 -0.118321
2 2 0.999944 -0.117118
3 2 1.000003 -0.116810
4 2 0.999982 -0.116282
5 2 0.999994 -0.115943
6 2 0.999991 -0.115599
7 2 0.999994 -0.115320
8 2 0.999994 -0.115068
9 2 0.999995 -0.114852
10 2 0.999996 -0.114662
11 2 0.999996 -0.114497
12 2 0.999997 -0.114353
13 2 0.999997 -0.114228
14 2 0.999997 -0.114118
15 2 0.999998 -0.114023
16 2 0.999998 -0.113938
17 2 0.999998 -0.113864
18 2 0.999998 -0.113799
19 2 0.999998 -0.113740
20 2 0.999999 -0.113687
21 2 0.999999 -0.113640
22 2 0.999999 -0.113597
23 2 0.999999 -0.113558
24 2 0.999999 -0.113523
25 2 0.999999 -0.113491
26 2 0.999999 -0.113462
27 2 0.999999 -0.113437
28 2 0.999999 -0.113416
29 2 0.999999 -0.113399
30 2 0.999999 -0.113388
31 2 0.999999 -0.113383
32 2 0.999999 -0.113385
33 2 0.999999 -0.113395
34 2 0.999999 -0.113417
35 2 0.999999 -0.113450
36 2 0.999999 -0.113499
37 2 0.999999 -0.113564
38 2 0.999998 -0.113651
39 2 0.999998 -0.113762
40 2 0.999998 -0.113901
41 2 0.999998 -0.114075
42 2 0.999997 -0.114287
43 2 0.999997 -0.114549
44 2 0.999994 -0.114856
45 2 0.999998 -0.115250
46 2 0.999986 -0.115665
47 2 1.000007 -0.116309
48 2 0.999949 -0.116768
49 2 1.000115 -0.118186
50 2 1.000114 -0.118321
0 3 1.000115 -0.118192
1 3 1.000114 -0.118331
2 3 0.999944 -0.117130
3 3 1.000003 -0.116825
4 3 0.999983 -0.116300
5 3 0.999994 -0.115963
6 3 0.999991 -0.115621
7 3 0.999994 -0.115343
8 3 0.999994 -0.115092
9 3 0.999995 -0.114877
10 3 0.999996 -0.114687
11 3 0.999996 -0.114522
12 3 0.999997 -0.114378
13 3 0.999997 -0.114252
14 3 0.999997 -0.114141
15 3 0.999998 -0.114043
16 3 0.999998 -0.113957
17 3 0.999998 -0.113881
18 3 0.999998 -0.113812
19 3 0.999998 -0.113751
20 3 0.999999 -0.113695
21 3 0.999999 -0.113645
22 3 0.999999 -0.113599
23 3 0.999999 -0.113557
24 3 0.999999 -0.113518
25 3 0.999999 -0.113483
26 3 0.999999 -0.113451
27 3 0.999999 -0.113423
28 3 0.999999 -0.113400
29 3 0.999999 -0.113381
30 3 0.999999 -0.113367
31 3 0.999999 -0.113360
32 3 0.999999 -0.113361
33 3 0.999999 -0.113371
34 3 0.999999 -0.113392
35 3 0.999999 -0.113425
36 3 0.999999 -0.113474
37 3 0.999999 -0.113540
38 3 0.999998 -0.113628
39 3 0.999998 -0.113740
40 3 0.999998 -0.113881
41 3 0.999997 -0.114057
42 3 0.999997 -0.114271
43 3 0.999997 -0.114536
44 3 0.999994 -0.114846
45 3 0.999997 -0.115243
46 3 0.999986 -0.115662
47 3 1.000007 -0.116308
48 3 0.999949 -0.116770
49 3 1.000115 -0.118192
50 3 1.000114 -0.118331
0 4 1.000115 -0.118201
1 4 1.000114 -0.118343
2 4 0.999944 -0.117145
3 4 1.000003 -0.116843
4 4 0.999983 -0.116320
5 4 0.999994 -0.115985
6 4 0.999991 -0.115644
7 4 0.999994 -0.115368
8 4 0.999994 -0.115118
9 4 0.999995 -0.114902
10 4 0.999996 -0.114713
11 4 0.999996 -0.114547
12 4 0.999997 -0.114402
13 4 0.999997 -0.114274
14 4 0.999997 -0.114162
15 4 0.999998 -0.114062
16 4 0.999998 -0.113974
17 4 0.999998 -0.113895
18 4 0.999998 -0.113824
19 4 0.999998 -0.113759
20 4 0.999999 -0.113700
21 4 0.999999 -0.113647
22 4 0.999999 -0.113597
23 4 0.999999 -0.113552
24 4 0.999999 -0.113510
25 4 0.999999 -0.113472
26 4 0.999999 -0.113438
27 4 0.999999 -0.113407
28 4 0.999999 -0.113381
29 4 0.999999 -0.113360
30 4 0.999999 -0.113345
31 4 0.999999 -0.113337
32 4 0.999999 -0.113337
33 4 0.999999 -0.113346
34 4 0.999999 -0.113366
35 4 0.999999 -0.113400
36 4 0.999999 -0.113449
37 4 0.999999 -0.113517
38 4 0.999998 -0.113606
39 4 0.999998 -0.113720
40 4 0.999998 -0.113863
41 4 0.999997 -0.114042
42 4 0.999997 -0.114258
43 4 0.999997 -0.114526
44 4 0.999994 -0.114839
45 4 0.999997 -0.115239
46 4 0.999986 -0.115661
47 4 1.000007 -0.116311
48 4 0.999949 -0.116776
49 4 1.000115 -0.118201
50 4 1.000114 -0.118343
0 5 1.000115 -0.118213
1 5 1.000114 -0.118358
2 5 0.999944 -0.117163
3 5 1.000003 -0.116863
4 5 0.999983 -0.116341
5 5 0.999994 -0.116008
6 5 0.999991 -0.115669
7 5 0.999994 -0.115393
8 5 0.999994 -0.115143
9 5 0.999995 -0.114928
10 5 0.999996 -0.114738
11 5 0.999996 -0.114571
12 5 0.999997 -0.114425
13 5 0.999997 -0.114296
14 5 0.999997 -0.114181
15 5 0.999998 -0.114079
16 5 0.999998 -0.113988
17 5 0.999998 -0.113906
18 5 0.999998 -0.113832
19 5 0.999998 -0.113765
20 5 0.999999 -0.113703
21 5 0.999999 -0.113646
22 5 0.999999 -0.113593
23 5 0.999999 -0.113545
24 5 0.999999 -0.113500
25 5 0.999999 -0.113459
26 5 0.999999 -0.113422
27 5 0.999999 -0.113389
28 5 0.999999 -0.113361
29 5 0.999999 -0.113338
30 5 0.999999 -0.113322
31 5 0.999999 -0.113312
32 5 0.999999 -0.113312
33 5 0.999999 -0.113321
34 5 0.999999 -0.113341
35 5 0.999999 -0.113376
36 5 0.999999 -0.113426
37 5 0.999999 -0.113495
38 5 0.999998 -0.113586
39 5 0.999998 -0.113702
40 5 0.999998 -0.113848
41 5 0.999997 -0.114029
42 5 0.999997 -0.114248
43 5 0.999997 -0.114519
44 5 0.999994 -0.114834
45 5 0.999997 -0.115238
46 5 0.999986 -0.115663
47 5 1.000007 -0.116316
48 5 0.999949 -0.116785
49 5 1.000115 -0.118213
50 5 1.000114 -0.118358
0 6 1.000115 -0.118227
1 6 1.000114 -0.118375
2 6 0.999944 -0.117182
3 6 1.000003 -0.116884
4 6 0.999983 -0.116364
5 6 0.999994 -0.116032
6 6 0.999992 -0.115694
7 6 0.999994 -0.115418
8 6 0.999994 -0.115168
9 6 0.999995 -0.114953
10 6 0.999996 -0.114762
11 6 0.999996 -0.114594
12 6 0.999997 -0.114446
13 6 0.999997 -0.114315
14 6 0.999997 -0.114198
15 6 0.999998 -0.114094
16 6 0.999998 -0.114000
17 6 0.999998 -0.113915
18 6 0.999998 -0.113838
19 6 0.999998 -0.113767
20 6 0.999999 -0.113702
21 6 0.999999 -0.113642
22 6 0.999999 -0.113586
23 6 0.999999 -0.113535
24 6 0.999999 -0.113487
25 6 0.999999 -0.113443
26 6 0.999999 -0.113404
27 6 0.999999 -0.113369
28 6 0.999999 -0.113339
29 6 0.999999 -0.113315
30 6 0.999999 -0.113298
31 6 0.999999 -0.113288
32 6 0.999999 -0.113286
33 6 0.999999 -0.113296
34 6 0.999999 -0.113317
35 6 0.999999 -0.113352
36 6 0.999999 -0.113404
37 6 0.999999 -0.113475
38 6 0.999998 -0.113568
39 6 0.999998 -0.113686
40 6 0.999998 -0.113834
41 6 0.999997 -0.114018
42 6 0.999997 -0.114240
43 6 0.999997 -0.114514
44 6 0.999994 -0.114833
45 6 0.999997 -0.115240
46 6 0.999986 -0.115668
47 6 1.000007 -0.116324
48 6 0.999949 -0.116796
49 6 1.000115 -0.118227
50 6 1.000114 -0.118375
0 7 1.000115 -0.118244
1 7 1.000114 -0.118394
2 7 0.999944 -0.117203
3 7 1.000003 -0.116906
4 7 0.999983 -0.116388
5 7 0.999994 -0.116056
6 7 0.999992 -0.115719
7 7 0.999994 -0.115443
8 7 0.999994 -0.115193
9 7 0.999995 -0.114977
10 7 0.999996 -0.114784
11 7 0.999996 -0.114615
12 7 0.999997 -0.114465
13 7 0.999997 -0.114332
14 7 0.999997 -0.114213
15 7 0.999998 -0.114106
16 7 0.999998 -0.114009
17 7 0.999998 -0.113921
18 7 0.999998 -0.113840
19 7 0.999998 -0.113767
20 7 0.999999 -0.113698
21 7 0.999999 -0.113635
22 7 0.999999 -0.113576
23 7 0.999999 -0.113522
24 7 0.999999 -0.113472
25 7 0.999999 -0.113426
26 7 0.999999 -0.113384
27 7 0.999999 -0.113348
28 7 0.999999 -0.113316
29 7 0.999999 -0.113291
30 7 0.999999 -0.113273
31 7 0.999999 -0.113263
32 7 0.999999 -0.113262
33 7 0.999999 -0.113272
34 7 0.999999 -0.113294
35 7 0.999999 -0.113330
36 7 0.999999 -0.113384
37 7 0.999999 -0.113457
38 7 0.999998 -0.113552
39 7 0.999998 -0.113673
40 7 0.999998 -0.113824
41 7 0.999997 -0.114010
42 7 0.999997 -0.114236
43 7 0.999997 -0.114513
44 7 0.999994 -0.114835
45 7 0.999997 -0.115245
46 7 0.999986 -0.115676
47 7 1.000007 -0.116335
48 7 0.999948 -0.116810
49 7 1.000115 -0.118244
50 7 1.000114 -0.118394
0 8 1.000115 -0.118263
1 8 1.000114 -0.118414
2 8 0.999944 -0.117225
3 8 1.000003 -0.116930
4 8 0.999983 -0.116412
5 8 0.999994 -0.116081
6 8 0.999992 -0.115743
7 8 0.999994 -0.115468
8 8 0.999994 -0.115217
9 8 0.999995 -0.114999
10 8 0.999996 -0.114805
11 8 0.999996 -0.114634
12 8 0.999997 -0.114482
13 8 0.999997 -0.114346
14 8 0.999997 -0.114225
15 8 0.999998 -0.114115
16 8 0.999998 -0.114015
17 8 0.999998 -0.113924
18 8 0.999998 -0.113840
19 8 0.999998 -0.113763
20 8 0.999999 -0.113692
21 8 0.999999 -0.113626
22 8 0.999999 -0.113564
23 8 0.999999 -0.113507
24 8 0.999999 -0.113454
25 8 0.999999 -0.113406
26 8 0.999999 -0.113363
27 8 0.999999 -0.113325
28 8 0.999999 -0.113293
29 8 0.999999 -0.113267
30 8 0.999999 -0.113248
31 8 0.999999 -0.113238
32 8 0.999999 -0.113238
33 8 0.999999 -0.113249
34 8 0.999999 -0.113272
35 8 0.999999 -0.113310
36 8 0.999999 -0.113366
37 8 0.999998 -0.113441
38 8 0.999998 -0.113538
39 8 0.999998 -0.113662
40 8 0.999998 -0.113816
41 8 0.999997 -0.114006
42 8 0.999997 -0.114234
43 8 0.999997 -0.114514
44 8 0.999994 -0.114839
45 8 0.999997 -0.115253
46 8 0.999986 -0.115687
47 8 1.000007 -0.116349
48 8 0.999948 -0.116826
49 8 1.000115 -0.118263
50 8 1.000114 -0.118414
0 9 1.000116 -0.118283
1 9 1.000114 -0.118437
2 9 0.999944 -0.117248
3 9 1.000003 -0.116954
4 9 0.999983 -0.116436
5 9 0.999994 -0.116105
6 9 0.999992 -0.115767
7 9 0.999994 -0.115491
8 9 0.999994 -0.115239
9 9 0.999995 -0.115020
10 9 0.999996 -0.114824
11 9 0.999996 -0.114651
12 9 0.999997 -0.114497
13 9 0.999997 -0.114358
14 9 0.999997 -0.114233
15 9 0.999998 -0.114121
16 9 0.999998 -0.114018
17 9 0.999998 -0.113923
18 9 0.999998 -0.113837
19 9 0.999998 -0.113757
20 9 0.999999 -0.113682
21 9 0.999999 -0.113613
22 9 0.999999 -0.113549
23 9 0.999999 -0.113490
24 9 0.999999 -0.113435
25 9 0.999999 -0.113385
26 9 0.999999 -0.113341
27 9 0.999999 -0.113302
28 9 0.999999 -0.113269
29 9 0.999999 -0.113243
30 9 0.999999 -0.113224
31 9 0.999999 -0.113215
32 9 0.999999 -0.113215
33 9 0.999999 -0.113227
34 9 0.999999 -0.113252
35 9 0.999999 -0.113292
36 9 0.999999 -0.113350
37 9 0.999998 -0.113427
38 9 0.999998 -0.113528
39 9 0.999998 -0.113654
40 9 0.999998 -0.113811
41 9 0.999997 -0.114004
42 9 0.999997 -0.114236
43 9 0.999997 -0.114519
44 9 0.999994 -0.114847
45 9 0.999997 -0.115263
46 9 0.999986 -0.115700
47 9 1.000007 -0.116365
48 9 0.999948 -0.116844
49 9 1.000116 -0.118283
50 9 1.000114 -0.118437
0 10 1.000116 -0.118305
1 10 1.000114 -0.118460
2 10 0.999944 -0.117272
3 10 1.000003 -0.116978
4 10 0.999983 -0.116460
5 10 0.999994 -0.116129
6 10 0.999992 -0.115790
7 10 0.999994 -0.115513
8 10 0.999994 -0.115259
9 10 0.999995 -0.115038
10 10 0.999996 -0.114841
11 10 0.999996 -0.114665
12 10 0.999997 -0.114508
13 10 0.999997 -0.114367
14 10 0.999997 -0.114239
15 10 0.999998 -0.114123
16 10 0.999998 -0.114017
17 10 0.999998 -0.113920
18 10 0.999998 -0.113830
19 10 0.999998 -0.113747
20 10 0.999999 -0.113670
21 10 0.999999 -0.113599
22 10 0.999999 -0.113532
23 10 0.999999 -0.113471
24 10 0.999999 -0.113415
25 10 0.999999 -0.113363
26 10 0.999999 -0.113318
27 10 0.999999 -0.113278
28 10 0.999999 -0.113245
29 10 0.999999 -0.113219
30 10 0.999999 -0.113201
31 10 0.999999 -0.113192
32 10 0.999999 -0.113194
33 10 0.999999 -0.113207
34 10 0.999999 -0.113235
35 10 0.999999 -0.113277
36 10 0.999999 -0.113337
37 10 0.999998 -0.113417
38 10 0.999998 -0.113520
39 10 0.999998 -0.113650
40 10 0.999998 -0.113810
41 10 0.999997 -0.114005
42 10 0.999997 -0.114240
43 10 0.999997 -0.114526
44 10 0.999994 -0.114857
45 10 0.999997 -0.115276
46 10 0.999986 -0.115716
47 10 1.000007 -0.116383
48 10 0.999948 -0.116864
49 10 1.000116 -0.118305
50 10 1.000114 -0.118460
0 11 1.000116 -0.118328
1 11 1.000114 -0.118484
2 11 0.999944 -0.117296
3 11 1.000003 -0.117002
4 11 0.999983 -0.116484
5 11 0.999994 -0.116152
6 11 0.999992 -0.115812
7 11 0.999994 -0.115533
8 11 0.999994 -0.115277
9 11 0.999995 -0.115055
10 11 0.999996 -0.114855
11 11 0.999996 -0.114677
12 11 0.999997 -0.114517
13 11 0.999997 -0.114373
14 11 0.999997 -0.114242
15 11 0.999998 -0.114123
16 11 0.999998 -0.114014
17 11 0.999998 -0.113914
18 11 0.999998 -0.113821
19 11 0.999998 -0.113736
20 11 0.999999 -0.113656
21 11 0.999999 -0.113582
22 11 0.999999 -0.113514
23 11 0.999999 -0.113451
24 11 0.999999 -0.113393
25 11 0.999999 -0.113341
26 11 0.999999 -0.113294
27 11 0.999999 -0.113254
28 11 0.999999 -0.113221
29 11 0.999999 -0.113196
30 11 0.999999 -0.113179
31 11 0.999999 -0.113171
32 11 0.999999 -0.113175
33 11 0.999999 -0.113190
34 11 0.999999 -0.113219
35 11 0.999999 -0.113264
36 11 0.999999 -0.113327
37 11 0.999998 -0.113410
38 11 0.999998 -0.113516
39 11 0.999998 -0.113648
40 11 0.999998 -0.113811
41 11 0.999997 -0.114010
42 11 0.999997 -0.114248
43 11 0.999997 -0.114537
44 11 0.999994 -0.114870
45 11 0.999997 -0.115292
46 11 0.999986 -0.115734
47 11 1.000007 -0.116402
48 11 0.999948 -0.116886
49 11 1.000116 -0.118328
50 11 1.000114 -0.118484
0 12 1.000116 -0.118352
1 12 1.000114 -0.118508
2 12 0.999944 -0.117319
3 12 1.000003 -0.117025
4 12 0.999983 -0.116506
5 12 0.999994 -0.116173
6 12 0.999992 -0.115832
7 12 0.999994 -0.115551
8 12 0.999994 -0.115293
9 12 0.999995 -0.115068
10 12 0.999996 -0.114866
11 12 0.999996 -0.114685
12 12 0.999997 -0.114522
13 12 0.999997 -0.114375
14 12 0.999997 -0.114241
15 12 0.999998 -0.114119
16 12 0.999998 -0.114008
17 12 0.999998 -0.113905
18 12 0.999998 -0.113809
19 12 0.999998 -0.113721
20 12 0.999999 -0.113639
21 12 0.999999 -0.113563
22 12 0.999999 -0.113493
23 12 0.999999 -0.113429
24 12 0.999999 -0.113370
25 12 0.999999 -0.113317
26 12 0.999999 -0.113271
27 12 0.999999 -0.113231
28 12 0.999999 -0.113198
29 12 0.999999 -0.113174
30 12 0.999999 -0.113158
31 12 0.999999 -0.113152
32 12 0.999999 -0.113157
33 12 0.999999 -0.113175
34 12 0.999999 -0.113207
35 12 0.999999 -0.113254
36 12 0.999999 -0.113320
37 12 0.999998 -0.113405
38 12 0.999998 -0.113514
39 12 0.999998 -0.113650
40 12 0.999998 -0.113816
41 12 0.999997 -0.114018
42 12 0.999997 -0.114258
43 12 0.999997 -0.114550
44 12 0.999994 -0.114886
45 12 0.999997 -0.115309
46 12 0.999986 -0.115753
47 12 1.000007 -0.116424
48 12 0.999948 -0.116908
49 12 1.000116 -0.118352
50 12 1.000114 -0.118508
0 13 1.000116 -0.118375
1 13 1.000114 -0.118531
2 13 0.999944 -0.117342
3 13 1.000003 -0.117047
4 13 0.999983 -0.116527
5 13 0.999994 -0.116193
6 13 0.999992 -0.115849
7 13 0.999994 -0.115566
8 13 0.999994 -0.115307
9 13 0.999995 -0.115079
10 13 0.999996 -0.114874
11 13 0.999996 -0.114690
12 13 0.999997 -0.114524
13 13 0.999997 -0.114374
14 13 0.999997 -0.114238
15 13 0.999998 -0.114113
16 13 0.999998 -0.113998
17 13 0.999998 -0.113892
18 13 0.999998 -0.113795
19 13 0.999998 -0.113704
20 13 0.999999 -0.113621
21 13 0.999999 -0.113543
22 13 0.999999 -0.113472
23 13 0.999999 -0.113406
24 13 0.999999 -0.113347
25 13 0.999999 -0.113294
26 13 0.999999 -0.113248
27 13 0.999999 -0.113208
28 13 0.999999 -0.113177
29 13 0.999999 -0.113153
30 13 0.999999 -0.113139
31 13 0.999999 -0.113135
32 13 0.999999 -0.113143
33 13 0.999999 -0.113163
34 13 0.999999 -0.113197
35 13 0.999999 -0.113247
36 13 0.999999 -0.113316
37 13 0.999998 -0.113404
38 13 0.999998 -0.113516
39 13 0.999998 -0.113655
40 13 0.999998 -0.113824
41 13 0.999997 -0.114028
42 13 0.999997 -0.114271
43 13 0.999997 -0.114565
44 13 0.999994 -0.114903
45 13 0.999997 -0.115329
46 13 0.999985 -0.115774
47 13 1.000007 -0.116446
48 13 0.999948 -0.116931
49 13 1.000116 -0.118375
50 13 1.000114 -0.118531
0 14 1.000116 -0.118399
1 14 1.000115 -0.118555
2 14 0.999944 -0.117364
3 14 1.000003 -0.117068
4 14 0.999983 -0.116546
5 14 0.999994 -0.116210
6 14 0.999992 -0.115865
7 14 0.999994 -0.115579
8 14 0.999994 -0.115317
9 14 0.999995 -0.115086
10 14 0.999996 -0.114878
11 14 0.999996 -0.114692
12 14 0.999997 -0.114523
13 14 0.999997 -0.114370
14 14 0.999997 -0.114231
15 14 0.999998 -0.114103
16 14 0.999998 -0.113986
17 14 0.999998 -0.113878
18 14 0.999998 -0.113778
19 14 0.999998 -0.113686
20 14 0.999999 -0.113600
21 14 0.999999 -0.113522
22 14 0.999999 -0.113449
23 14 0.999999 -0.113383
24 14 0.999999 -0.113324
25 14 0.999999 -0.113271
26 14 0.999999 -0.113225
27 14 0.999999 -0.113187
28 14 0.999999 -0.113157
29 14 0.999999 -0.113135
30 14 0.999999 -0.113123
31 14 0.999999 -0.113121
32 14 0.999999 -0.113131
33 14 0.999999 -0.113154
34 14 0.999999 -0.113191
35 14 0.999999 -0.113244
36 14 0.999999 -0.113315
37 14 0.999998 -0.113407
38 14 0.999998 -0.113522
39 14 0.999998 -0.113663
40 14 0.999998 -0.113834
41 14 0.999997 -0.114041
42 14 0.999996 -0.114287
43 14 0.999997 -0.114583
44 14 0.999994 -0.114923
45 14 0.999997 -0.115350
46 14 0.999985 -0.115796
47 14 1.000007 -0.116469
48 14 0.999948 -0.116954
49 14 1.000116 -0.118399
50 14 1.000115 -0.118555
0 15 1.000116 -0.118422
1 15 1.000115 -0.118577
2 15 0.999944 -0.117385
3 15 1.000003 -0.117087
4 15 0.999983 -0.116564
5 15 0.999994 -0.116225
6 15 0.999992 -0.115877
7 15 0.999994 -0.115589
8 15 0.999994 -0.115324
9 15 0.999995 -0.115091
10 15 0.999996 -0.114880
11 15 0.999996 -0.114690
12 15 0.999997 -0.114519
13 15 0.999997 -0.114363
14 15 0.999997 -0.114221
15 15 0.999998 -0.114091
16 15 0.999998 -0.113971
17 15 0.999998 -0.113861
18 15 0.999998 -0.113759
19 15 0.999998 -0.113665
20 15 0.999999 -0.113579
21 15 0.999999 -0.113499
22 15 0.999999 -0.113426
23 15 0.999999 -0.113360
24 15 0.999999 -0.113301
25 15 0.999999 -0.113249
26 15 0.999999 -0.113204
27 15 0.999999 -0.113167
28 15 0.999999 -0.113138
29 15 0.999999 -0.113119
30 15 0.999999 -0.113109
31 15 0.999999 -0.113109
32 15 0.999999 -0.113122
33 15 0.999999 -0.113147
34 15 0.999999 -0.113187
35 15 0.999999 -0.113243
36 15 0.999999 -0.113318
37 15 0.999998 -0.113412
38 15 0.999998 -0.113530
39 15 0.999998 -0.113674
40 15 0.999998 -0.113848
41 15 0.999997 -0.114057
42 15 0.999996 -0.114304
43 15 0.999997 -0.114602
44 15 0.999994 -0.114944
45 15 0.999997 -0.115372
46 15 0.999985 -0.115819
47 15 1.000007 -0.116492
48 15 0.999948 -0.116978
49 15 1.000116 -0.118422
50 15 1.000115 -0.118577
0 16 1.000116 -0.118444
1 16 1.000115 -0.118598
2 16 0.999944 -0.117404
3 16 1.000003 -0.117104
4 16 0.999983 -0.116579
5 16 0.999994 -0.116238
6 16 0.999992 -0.115887
7 16 0.999994 -0.115596
8 16 0.999994 -0.115328
9 16 0.999995 -0.115092
10 16 0.999996 -0.114878
11 16 0.999996 -0.114686
12 16 0.999997 -0.114511
13 16 0.999997 -0.114353
14 16 0.999997 -0.114208
15 16 0.999998 -0.114076
16 16 0.999998 -0.113954
17 16 0.999998 -0.113842
18 16 0.999998 -0.113739
19 16 0.999998 -0.113644
20 16 0.999999 -0.113556
21 16 0.999999 -0.113476
22 16 0.999999 -0.113403
23 16 0.999999 -0.113338
24 16 0.999999 -0.113279
25 16 0.999999 -0.113228
26 16 0.999999 -0.113184
27 16 0.999999 -0.113149
28 16 0.999999 -0.113122
29 16 0.999999 -0.113105
30 16 0.999999 -0.113097
31 16 0.999999 -0.113101
32 16 0.999999 -0.113116
33 16 0.999999 -0.113144
34 16 0.999999 -0.113187
35 16 0.999999 -0.113246
36 16 0.999999 -0.113323
37 16 0.999998 -0.113421
38 16 0.999998 -0.113541
39 16 0.999998 -0.113688
40 16 0.999998 -0.113864
41 16 0.999997 -0.114075
42 16 0.999996 -0.114324
43 16 0.999997 -0.114623
44 16 0.999994 -0.114966
45 16 0.999997 -0.115395
46 16 0.999985 -0.115842
47 16 1.000007 -0.116515
48 16 0.999948 -0.117000
49 16 1.000116 -0.118444
50 16 1.000115 -0.118598
0 17 1.000116 -0.118465
1 17 1.000115 -0.118617
2 17 0.999944 -0.117421
3 17 1.000003 -0.117119
4 17 0.999983 -0.116591
5 17 0.999994 -0.116247
6 17 0.999991 -0.115894
7 17 0.999994 -0.115600
8 17 0.999994 -0.115329
9 17 0.999995 -0.115090
10 17 0.999996 -0.114873
11 17 0.999996 -0.114678
12 17 0.999997 -0.114501
13 17 0.999997 -0.114340
14 17 0.999997 -0.114193
15 17 0.999998 -0.114058
16 17 0.999998 -0.113935
17 17 0.999998 -0.113821
18 17 0.999998 -0.113717
19 17 0.999999 -0.113621
20 17 0.999999 -0.113533
21 17 0.999999 -0.113453
22 17 0.999999 -0.113381
23 17 0.999999 -0.113315
24 17 0.999999 -0.113258
25 17 0.999999 -0.113208
26 17 0.999999 -0.113166
27 17 0.999999 -0.113133
28 17 0.999999 -0.113109
29 17 0.999999 -0.113094
30 17 0.999999 -0.113089
31 17 0.999999 -0.113095
32 17 0.999999 -0.113113
33 17 0.999999 -0.113145
34 17 0.999999 -0.113190
35 17 0.999999 -0.113252
36 17 0.999999 -0.113332
37 17 0.999998 -0.113432
38 17 0.999998 -0.113555
39 17 0.999998 -0.113704
40 17 0.999998 -0.113882
41 17 0.999997 -0.114095
42 17 0.999996 -0.114345
43 17 0.999997 -0.114645
44 17 0.999994 -0.114989
45 17 0.999997 -0.115418
46 17 0.999985 -0.115865
47 17 1.000007 -0.116538
48 17 0.999948 -0.117022
49 17 1.000116 -0.118465
50 17 1.000115 -0.118617
0 18 1.000116 -0.118485
1 18 1.000115 -0.118635
2 18 0.999944 -0.117436
3 18 1.000003 -0.117131
4 18 0.999983 -0.116600
5 18 0.999994 -0.116254
6 18 0.999991 -0.115898
7 18 0.999994 -0.115601
8 18 0.999994 -0.115327
9 18 0.999995 -0.115085
10 18 0.999996 -0.114865
11 18 0.999996 -0.114667
12 18 0.999997 -0.114487
13 18 0.999997 -0.114324
14 18 0.999997 -0.114175
15 18 0.999998 -0.114038
16 18 0.999998 -0.113913
17 18 0.999998 -0.113799
18 18 0.999998 -0.113694
19 18 0.999999 -0.113598
20 18 0.999999 -0.113510
21 18 0.999999 -0.113430
22 18 0.999999 -0.113358
23 18 0.999999 -0.113294
24 18 0.999999 -0.113238
25 18 0.999999 -0.113190
26 18 0.999999 -0.113151
27 18 0.999999 -0.113120
28 18 0.999999 -0.113098
29 18 0.999999 -0.113085
30 18 0.999999 -0.113083
31 18 0.999999 -0.113093
32 18 0.999999 -0.113114
33 18 0.999999 -0.113148
34 18 0.999999 -0.113197
35 18 0.999999 -0.113261
36 18 0.999999 -0.113344
37 18 0.999998 -0.113447
38 18 0.999998 -0.113572
39 18 0.999998 -0.113722
40 18 0.999998 -0.113902
41 18 0.999997 -0.114116
42 18 0.999996 -0.114368
43 18 0.999997 -0.114669
44 18 0.999994 -0.115012
45 18 0.999997 -0.115441
46 18 0.999985 -0.115888
47 18 1.000007 -0.116560
48 18 0.999948 -0.117043
49 18 1.000116 -0.118485
50 18 1.000115 -0.118635
0 19 1.000116 -0.118502
1 19 1.000115 -0.118650
2 19 0.999944 -0.117449
3 19 1.000003 -0.117141
4 19 0.999983 -0.116607
5 19 0.999994 -0.116257
6 19 0.999991 -0.115898
7 19 0.999994 -0.115598
8 19 0.999994 -0.115321
9 19 0.999995 -0.115076
10 19 0.999996 -0.114854
11 19 0.999996 -0.114653
12 19 0.999997 -0.114471
13 19 0.999997 -0.114306
14 19 0.999997 -0.114155
15 19 0.999998 -0.114017
16 19 0.999998 -0.113891
17 19 0.999998 -0.113776
18 19 0.999998 -0.113670
19 19 0.999999 -0.113574
20 19 0.999999 -0.113487
21 19 0.999999 -0.113408
22 19 0.999999 -0.113337
23 19 0.999999 -0.113275
24 19 0.999999 -0.113220
25 19 0.999999 -0.113174
26 19 0.999999 -0.113137
27 19 0.999999 -0.113109
28 19 0.999999 -0.113090
29 19 0.999999 -0.113080
30 19 0.999999 -0.113081
31 19 0.999999 -0.113093
32 19 0.999999 -0.113117
33 19 0.999999 -0.113155
34 19 0.999999 -0.113206
35 19 0.999999 -0.113274
36 19 0.999999 -0.113359
37 19 0.999998 -0.113463
38 19 0.999998 -0.113590
39 19 0.999998 -0.113743
40 19 0.999997 -0.113924
41 19 0.999997 -0.114139
42 19 0.999996 -0.114391
43 19 0.999997 -0.114692
44 19 0.999994 -0.115035
45 19 0.999997 -0.115464
46 19 0.999985 -0.115910
47 19 1.000007 -0.116580
48 19 0.999948 -0.117062
49 19 1.000116 -0.118502
50 19 1.000115 -0.118650
0 20 1.000116 -0.118517
1 20 1.000115 -0.118662
2 20 0.999944 -0.117458
3 20 1.000003 -0.117148
4 20 0.999983 -0.116611
5 20 0.999994 -0.116258
6 20 0.999991 -0.115895
7 20 0.999994 -0.115593
8 20 0.999994 -0.115313
9 20 0.999995 -0.115065
10 20 0.999996 -0.114840
11 20 0.999996 -0.114637
12 20 0.999997 -0.114453
13 20 0.999997 -0.114286
14 20 0.999997 -0.114133
15 20 0.999998 -0.113994
16 20 0.999998 -0.113867
17 20 0.999998 -0.113752
18 20 0.999998 -0.113646
19 20 0.999999 -0.113551
20 20 0.999999 -0.113464
21 20 0.999999 -0.113386
22 20 0.999999 -0.113317
23 20 0.999999 -0.113257
24 20 0.999999 -0.113204
25 20 0.999999 -0.113161
26 20 0.999999 -0.113126
27 20 0.999999 -0.113101
28 20 0.999999 -0.113084
29 20 0.999999 -0.113078
30 20 0.999999 -0.113082
31 20 0.999999 -0.113097
32 20 0.999999 -0.113124
33 20 0.999999 -0.113164
34 20 0.999999 -0.113219
35 20 0.999999 -0.113289
36 20 0.999999 -0.113376
37 20 0.999998 -0.113482
38 20 0.999998 -0.113611
39 20 0.999998 -0.113765
40 20 0.999997 -0.113947
41 20 0.999997 -0.114163
42 20 0.999996 -0.114415
43 20 0.999997 -0.114716
44 20 0.999994 -0.115058
45 20 0.999997 -0.115486
46 20 0.999985 -0.115930
47 20 1.000007 -0.116599
48 20 0.999948 -0.117079
49 20 1.000116 -0.118517
50 20 1.000115 -0.118662
0 21 1.000116 -0.118530
1 21 1.000115 -0.118672
2 21 0.999944 -0.117465
3 21 1.000003 -0.117151
4 21 0.999982 -0.116611
5 21 0.999994 -0.116255
6 21 0.999991 -0.115890
7 21 0.999994 -0.115584
8 21 0.999994 -0.115301
9 21 0.999995 -0.115051
10 21 0.999996 -0.114823
11 21 0.999996 -0.114618
12 21 0.999997 -0.114432
13 21 0.999997 -0.114264
14 21 0.999997 -0.114110
15 21 0.999998 -0.113970
16 21 0.999998 -0.113843
17 21 0.999998 -0.113728
18 21 0.999998 -0.113623
19 21 0.999999 -0.113528
20 21 0.999999 -0.113442
21 21 0.999999 -0.113366
22 21 0.999999 -0.113299
23 21 0.999999 -0.113240
24 21 0.999999 -0.113191
25 21 0.999999 -0.113150
26 21 0.999999 -0.113118
27 21 0.999999 -0.113095
28 21 0.999999 -0.113082
29 21 0.999999 -0.113079
30 21 0.999999 -0.113086
31 21 0.999999 -0.113104
32 21 0.999999 -0.113134
33 21 0.999999 -0.113177
34 21 0.999999 -0.113234
35 21 0.999999 -0.113306
36 21 0.999999 -0.113395
37 21 0.999998 -0.113504
38 21 0.999998 -0.113633
39 21 0.999998 -0.113788
40 21 0.999997 -0.113971
41 21 0.999997 -0.114187
42 21 0.999996 -0.114439
43 21 0.999997 -0.114739
44 21 0.999994 -0.115081
45 21 0.999997 -0.115507
46 21 0.999985 -0.115950
47 21 1.000007 -0.116617
48 21 0.999948 -0.117094
49 21 1.000116 -0.118530
50 21 1.000115 -0.118672
0 22 1.000116 -0.118539
1 22 1.000115 -0.118679
2 22 0.999944 -0.117468
3 22 1.000003 -0.117152
4 22 0.999982 -0.116608
5 22 0.999994 -0.116249
6 22 0.999991 -0.115881
7 22 0.999994 -0.115572
8 22 0.999994 -0.115287
9 22 0.999995 -0.115034
10 22 0.999996 -0.114804
11 22 0.999996 -0.114598
12 22 0.999997 -0.114410
13 22 0.999997 -0.114240
14 22 0.999997 -0.114086
15 22 0.999998 -0.113946
16 22 0.999998 -0.113819
17 22 0.999998 -0.113704
18 22 0.999998 -0.113600
19 22 0.999999 -0.113506
20 22 0.999999 -0.113422
21 22 0.999999 -0.113348
22 22 0.999999 -0.113283
23 22 0.999999 -0.113227
24 22 0.999999 -0.113180
25 22 0.999999 -0.113142
26 22 0.999999 -0.113113
27 22 0.999999 -0.113093
28 22 0.999999 -0.113083
29 22 0.999999 -0.113083
30 22 0.999999 -0.113093
31 22 0.999999 -0.113114
32 22 0.999999 -0.113147
33 22 0.999999 -0.113192
34 22 0.999999 -0.113251
35 22 0.999999 -0.113326
36 22 0.999999 -0.113416
37 22 0.999998 -0.113526
38 22 0.999998 -0.113657
39 22 0.999998 -0.113812
40 22 0.999997 -0.113995
41 22 0.999997 -0.114211
42 22 0.999996 -0.114462
43 22 0.999997 -0.114762
44 22 0.999994 -0.115102
45 22 0.999997 -0.115527
46 22 0.999985 -0.115967
47 22 1.000007 -0.116632
48 22 0.999948 -0.117107
49 22 1.000116 -0.118539
50 22 1.000115 -0.118679
0 23 1.000116 -0.118547
1 23 1.000115 -0.118683
2 23 0.999944 -0.117469
3 23 1.000003 -0.117149
4 23 0.999982 -0.116602
5 23 0.999994 -0.116241
6 23 0.999991 -0.115869
7 23 0.999994 -0.115558
8 23 0.999994 -0.115270
9 23 0.999995 -0.115015
10 23 0.999996 -0.114783
11 23 0.999996 -0.114575
12 23 0.999997 -0.114387
13 23 0.999997 -0.114216
14 23 0.999997 -0.114061
15 23 0.999998 -0.113921
16 23 0.999998 -0.113795
17 23 0.999998 -0.113680
18 23 0.999998 -0.113577
19 23 0.999999 -0.113485
20 23 0.999999 -0.113403
21 23 0.999999 -0.113331
22 23 0.999999 -0.113269
23 23 0.999999 -0.113215
24 23 0.999999 -0.113171
25 23 0.999999 -0.113136
26 23 0.999999 -0.113111
27 23 0.999999 -0.113094
28 23 0.999999 -0.113087
29 23 0.999999 -0.113090
30 23 0.999999 -0.113103
31 23 0.999999 -0.113127
32 23 0.999999 -0.113162
33 23 0.999999 -0.113210
34 23 0.999999 -0.113271
35 23 0.999999 -0.113347
36 23 0.999999 -0.113439
37 23 0.999998 -0.113550
38 23 0.999998 -0.113682
39 23 0.999998 -0.113837
40 23 0.999997 -0.114020
41 23 0.999997 -0.114235
42 23 0.999996 -0.114485
43 23 0.999997 -0.114783
44 23 0.999994 -0.115122
45 23 0.999997 -0.115544
46 23 0.999985 -0.115983
47 23 1.000007 -0.116645
48 23 0.999948 -0.117117
49 23 1.000116 -0.118547
50 23 1.000115 -0.118683
0 24 1.000116 -0.118551
1 24 1.000115 -0.118684
2 24 0.999944 -0.117467
3 24 1.000003 -0.117143
4 24 0.999982 -0.116594
5 24 0.999994 -0.116229
6 24 0.999991 -0.115855
7 24 0.999994 -0.115541
8 24 0.999994 -0.115251
9 24 0.999995 -0.114994
10 24 0.999996 -0.114761
11 24 0.999996 -0.114551
12 24 0.999997 -0.114362
13 24 0.999997 -0.114191
14 24 0.999997 -0.114036
15 24 0.999998 -0.113897
16 24 0.999998 -0.113771
17 24 0.999998 -0.113658
18 24 0.999998 -0.113556
19 24 0.999999 -0.113466
20 24 0.999999 -0.113386
21 24 0.999999 -0.113317
22 24 0.999999 -0.113257
23 24 0.999999 -0.113207
24 24 0.999999 -0.113166
25 24 0.999999 -0.113134
26 24 0.999999 -0.113111
27 24 0.999999 -0.113098
28 24 0.999999 -0.113094
29 24 0.999999 -0.113100
30 24 0.999999 -0.113116
31 24 0.999999 -0.113142
32 24 0.999999 -0.113180
33 24 0.999999 -0.113230
34 24 0.999999 -0.113293
35 24 0.999999 -0.113370
36 24 0.999999 -0.113463
37 24 0.999998 -0.113575
38 24 0.999998 -0.113707
39 24 0.999998 -0.113862
40 24 0.999997 -0.114044
41 24 0.999997 -0.114258
42 24 0.999996 -0.114507
43 24 0.999997 -0.114803
44 24 0.999994 -0.115140
45 24 0.999997 -0.115560
46 24 0.999985 -0.115996
47 24 1.000007 -0.116655
48 24 0.999948 -0.117124
49 24 1.000116 -0.118551
50 24 1.000115 -0.118684
0 25 1.000116 -0.118552
1 25 1.000115 -0.118681
2 25 0.999944 -0.117461
3 25 1.000003 -0.117135
4 25 0.999982 -0.116582
5 25 0.999994 -0.116214
6 25 0.999991 -0.115838
7 25 0.999994 -0.115522
8 25 0.999994 -0.115230
9 25 0.999995 -0.114971
10 25 0.999996 -0.114737
11 25 0.999996 -0.114527
12 25 0.999997 -0.114337
13 25 0.999997 -0.114166
14 25 0.999997 -0.114012
15 25 0.999998 -0.113873
16 25 0.999998 -0.113748
17 25 0.999998 -0.113637
18 25 0.999998 -0.113537
19 25 0.999999 -0.113449
20 25 0.999999 -0.113372
21 25 0.999999 -0.113305
22 25 0.999999 -0.113248
23 25 0.999999 -0.113201
24 25 0.999999 -0.113163
25 25 0.999999 -0.113134
26 25 0.999999 -0.113115
27 25 0.999999 -0.113105
28 25 0.999999 -0.113104
29 25 0.999999 -0.113113
30 25 0.999999 -0.113131
31 25 0.999999 -0.113160
32 25 0.999999 -0.113200
33 25 0.999999 -0.113252
34 25 0.999999 -0.113316
35 25 0.999999 -0.113394
36 25 0.999999 -0.113488
37 25 0.999998 -0.113600
38 25 0.999998 -0.113732
39 25 0.999998 -0.113886
40 25 0.999997 -0.114067
41 25 0.999997 -0.114280
42 25 0.999996 -0.114528
43 25 0.999997 -0.114822
44 25 0.999994 -0.115156
45 25 0.999997 -0.115573
46 25 0.999985 -0.116006
47 25 1.000007 -0.116663
48 25 0.999948 -0.117128
49 25 1.000116 -0.118552
50 25 1.000115 -0.118681
0 26 1.000116 -0.118550
1 26 1.000115 -0.118676
2 26 0.999943 -0.117453
3 26 1.000003 -0.117123
4 26 0.999982 -0.116568
5 26 0.999994 -0.116198
6 26 0.999991 -0.115819
7 26 0.999994 -0.115501
8 26 0.999994 -0.115207
9 26 0.999995 -0.114947
10 26 0.999996 -0.114712
11 26 0.999996 -0.114501
12 26 0.999997 -0.114311
13 26 0.999997 -0.114141
14 26 0.999997 -0.113987
15 26 0.999998 -0.113850
16 26 0.999998 -0.113727
17 26 0.999998 -0.113617
18 26 0.999998 -0.113520
19 26 0.999999 -0.113434
20 26 0.999999 -0.113360
21 26 0.999999 -0.113296
22 26 0.999999 -0.113242
23 26 0.999999 -0.113198
24 26 0.999999 -0.113163
25 26 0.999999 -0.113138
26 26 0.999999 -0.113122
27 26 0.999999 -0.113115
28 26 0.999999 -0.113117
29 26 0.999999 -0.113128
30 26 0.999999 -0.113149
31 26 0.999999 -0.113180
32 26 0.999999 -0.113222
33 26 0.999999 -0.113275
34 26 0.999999 -0.113340
35 26 0.999999 -0.113419
36 26 0.999999 -0.113514
37 26 0.999998 -0.113625
38 26 0.999998 -0.113756
39 26 0.999998 -0.113910
40 26 0.999997 -0.114090
41 26 0.999997 -0.114301
42 26 0.999996 -0.114546
43 26 0.999997 -0.114838
44 26 0.999994 -0.115170
45 26 0.999997 -0.115584
46 26 0.999985 -0.116014
47 26 1.000007 -0.116667
48 26 0.999948 -0.117130
49 26 1.000116 -0.118550
50 26 1.000115 -0.118676
0 27 1.000116 -0.118545
1 27 1.000114 -0.118668
2 27 0.999943 -0.117441
3 27 1.000003 -0.117109
4 27 0.999982 -0.116551
5 27 0.999994 -0.116179
6 27 0.999991 -0.115798
7 27 0.999994 -0.115478
8 27 0.999994 -0.115183
9 27 0.999995 -0.114922
10 27 0.999996 -0.114687
11 27 0.999996 -0.114476
12 27 0.999997 -0.114286
13 27 0.999997 -0.114116
14 27 0.999997 -0.113964
15 27 0.999998 -0.113828
16 27 0.999998 -0.113707
17 27 0.999998 -0.113599
18 27 0.999998 -0.113505
19 27 0.999999 -0.113422
20 27 0.999999 -0.113350
21 27 0.999999 -0.113289
22 27 0.999999 -0.113239
23 27 0.999999 -0.113198
24 27 0.999999 -0.113167
25 27 0.999999 -0.113144
26 27 0.999999 -0.113131
27 27 0.999999 -0.113127
28 27 0.999999 -0.113132
29 27 0.999999 -0.113146
30 27 0.999999 -0.113169
31 27 0.999999 -0.113202
32 27 0.999999 -0.113245
33 27 0.999999 -0.113299
34 27 0.999999 -0.113365
35 27 0.999999 -0.113445
36 27 0.999999 -0.113539
37 27 0.999998 -0.113650
38 27 0.999998 -0.113780
39 27 0.999998 -0.113933
40 27 0.999997 -0.114111
41 27 0.999997 -0.114320
42 27 0.999996 -0.114563
43 27 0.999997 -0.114852
44 27 0.999994 -0.115181
45 27 0.999997 -0.115592
46 27 0.999985 -0.116019
47 27 1.000007 -0.116669
48 27 0.999948 -0.117128
49 27 1.000116 -0.118545
50 27 1.000114 -0.118668
0 28 1.000116 -0.118537
1 28 1.000114 -0.118657
2 28 0.999943 -0.117428
3 28 1.000003 -0.117093
4 28 0.999982 -0.116532
5 28 0.999994 -0.116158
6 28 0.999991 -0.115775
7 28 0.999994 -0.115454
8 28 0.999994 -0.115158
9 28 0.999995 -0.114897
10 28 0.999996 -0.114661
11 28 0.999996 -0.114451
12 28 0.999997 -0.114262
13 28 0.999997 -0.114093
14 28 0.999997 -0.113942
15 28 0.999998 -0.113808
16 28 0.999998 -0.113689
17 28 0.999998 -0.113584
18 28 0.999998 -0.113492
19 28 0.999999 -0.113412
20 28 0.999999 -0.113344
21 28 0.999999 -0.113286
22 28 0.999999 -0.113239
23 28 0.999999 -0.113201
24 28 0.999999 -0.113173
25 28 0.999999 -0.113154
26 28 0.999999 -0.113143
27 28 0.999999 -0.113142
28 28 0.999999 -0.113149
29 28 0.999999 -0.113165
30 28 0.999999 -0.113191
31 28 0.999999 -0.113225
32 28 0.999999 -0.113269
33 28 0.999999 -0.113324
34 28 0.999999 -0.113391
35 28 0.999999 -0.113470
36 28 0.999999 -0.113564
37 28 0.999998 -0.113674
38 28 0.999998 -0.113803
39 28 0.999998 -0.113954
40 28 0.999997 -0.114130
41 28 0.999997 -0.114337
42 28 0.999996 -0.114577
43 28 0.999997 -0.114863
44 28 0.999994 -0.115189
45 28 0.999997 -0.115598
46 28 0.999986 -0.116021
47 28 1.000007 -0.116668
48 28 0.999948 -0.117123
49 28 1.000116 -0.118537
50 28 1.000114 -0.118657
0 29 1.000116 -0.118526
1 29 1.000114 -0.118643
2 29 0.999943 -0.117411
3 29 1.000003 -0.117074
4 29 0.999982 -0.116512
5 29 0.999994 -0.116135
6 29 0.999991 -0.115751
7 29 0.999994 -0.115429
8 29 0.999994 -0.115133
9 29 0.999995 -0.114872
10 29 0.999996 -0.114636
11 29 0.999996 -0.114426
12 29 0.999997 -0.114239
13 29 0.999997 -0.114071
14 29 0.999997 -0.113922
15 29 0.999998 -0.113790
16 29 0.999998 -0.113673
17 29 0.999998 -0.113571
18 29 0.999998 -0.113482
19 29 0.999999 -0.113405
20 29 0.999999 -0.113340
21 29 0.999999 -0.113286
22 29 0.999999 -0.113241
23 29 0.999999 -0.113207
24 29 0.999999 -0.113182
25 29 0.999999 -0.113166
26 29 0.999999 -0.113158
27 29 0.999999 -0.113159
28 29 0.999999 -0.113169
29 29 0.999999 -0.113187
30 29 0.999999 -0.113213
31 29 0.999999 -0.113249
32 29 0.999999 -0.113294
33 29 0.999999 -0.113349
34 29 0.999999 -0.113416
35 29 0.999999 -0.113495
36 29 0.999999 -0.113588
37 29 0.999998 -0.113697
38 29 0.999998 -0.113824
39 29 0.999998 -0.113973
40 29 0.999998 -0.114147
41 29 0.999997 -0.114351
42 29 0.999996 -0.114589
43 29 0.999997 -0.114872
44 29 0.999994 -0.115195
45 29 0.999997 -0.115600
46 29 0.999986 -0.116020
47 29 1.000007 -0.116663
48 29 0.999949 -0.117116
49 29 1.000116 -0.118526
50 29 1.000114 -0.118643
0 30 1.000116 -0.118513
1 30 1.000114 -0.118627
2 30 0.999943 -0.117393
3 30 1.000003 -0.117054
4 30 0.999982 -0.116490
5 30 0.999994 -0.116112
6 30 0.999991 -0.115727
7 30 0.999994 -0.115404
8 30 0.999994 -0.115108
9 30 0.999995 -0.114846
10 30 0.999996 -0.114612
11 30 0.999996 -0.114403
12 30 0.999997 -0.114217
13 30 0.999997 -0.114051
14 30 0.999997 -0.113904
15 30 0.999998 -0.113774
16 30 0.999998 -0.113661
17 30 0.999998 -0.113561
18 30 0.999998 -0.113475
19 30 0.999999 -0.113401
20 30 0.999999 -0.113339
21 30 0.999999 -0.113288
22 30 0.999999 -0.113247
23 30 0.999999 -0.113216
24 30 0.999999 -0.113193
25 30 0.999999 -0.113180
26 30 0.999999 -0.113175
27 30 0.999999 -0.113178
28 30 0.999999 -0.113190
29 30 0.999999 -0.113209
30 30 0.999999 -0.113237
31 30 0.999999 -0.113274
32 30 0.999999 -0.113319
33 30 0.999999 -0.113375
34 30 0.999999 -0.113441
35 30 0.999999 -0.113519
36 30 0.999999 -0.113610
37 30 0.999998 -0.113718
38 30 0.999998 -0.113843
39 30 0.999998 -0.113990
40 30 0.999998 -0.114161
41 30 0.999997 -0.114363
42 30 0.999996 -0.114598
43 30 0.999997 -0.114878
44 30 0.999994 -0.115197
45 30 0.999997 -0.115599
46 30 0.999986 -0.116016
47 30 1.000007 -0.116656
48 30 0.999949 -0.117106
49 30 1.000116 -0.118513
50 30 1.000114 -0.118627
0 31 1.000116 -0.118497
1 31 1.000114 -0.118609
2 31 0.999943 -0.117373
3 31 1.000003 -0.117032
4 31 0.999982 -0.116466
5 31 0.999994 -0.116088
6 31 0.999991 -0.115702
7 31 0.999994 -0.115379
8 31 0.999994 -0.115083
9 31 0.999995 -0.114822
10 31 0.999996 -0.114588
11 31 0.999996 -0.114381
12 31 0.999997 -0.114196
13 31 0.999997 -0.114033
14 31 0.999997 -0.113888
15 31 0.999998 -0.113761
16 31 0.999998 -0.113650
17 31 0.999998 -0.113554
18 31 0.999998 -0.113471
19 31 0.999999 -0.113400
20 31 0.999999 -0.113341
21 31 0.999999 -0.113293
22 31 0.999999 -0.113255
23 31 0.999999 -0.113227
24 31 0.999999 -0.113208
25 31 0.999999 -0.113197
26 31 0.999999 -0.113194
27 31 0.999999 -0.113199
28 31 0.999999 -0.113212
29 31 0.999999 -0.113233
30 31 0.999999 -0.113262
31 31 0.999999 -0.113299
32 31 0.999999 -0.113344
33 31 0.999999 -0.113399
34 31 0.999999 -0.113464
35 31 0.999999 -0.113541
36 31 0.999999 -0.113631
37 31 0.999998 -0.113737
38 31 0.999998 -0.113860
39 31 0.999998 -0.114005
40 31 0.999998 -0.114173
41 31 0.999997 -0.114372
42 31 0.999996 -0.114604
43 31 0.999997 -0.114881
44 31 0.999994 -0.115197
45 31 0.999997 -0.115596
46 31 0.999986 -0.116010
47 31 1.000007 -0.116646
48 31 0.999949 -0.117093
49 31 1.000116 -0.118497
50 31 1.000114 -0.118609
0 32 1.000116 -0.118479
1 32 1.000114 -0.118589
2 32 0.999943 -0.117351
3 32 1.000003 -0.117009
4 32 0.999982 -0.116442
5 32 0.999994 -0.116063
6 32 0.999991 -0.115677
7 32 0.999994 -0.115355
8 32 0.999994 -0.115059
9 32 0.999995 -0.114799
10 32 0.999996 -0.114567
11 32 0.999996 -0.114361
12 32 0.999997 -0.114178
13 32 0.999997 -0.114017
14 32 0.999997 -0.113875
15 32 0.999998 -0.113751
16 32 0.999998 -0.113643
17 32 0.999998 -0.113550
18 32 0.999998 -0.113470
19 32 0.999999 -0.113402
20 32 0.999999 -0.113347
21 32 0.999999 -0.113302
22 32 0.999999 -0.113267
23 32 0.999999 -0.113241
24 32 0.999999 -0.113224
25 32 0.999999 -0.113215
26 32 0.999999 -0.113215
27 32 0.999999 -0.113221
28 32 0.999999 -0.113236
29 32 0.999999 -0.113257
30 32 0.999999 -0.113286
31 32 0.999999 -0.113323
32 32 0.999999 -0.113369
33 32 0.999999 -0.113423
34 32 0.999999 -0.113487
35 32 0.999999 -0.113562
36 32 0.999999 -0.113651
37 32 0.999998 -0.113754
38 32 0.999998 -0.113875
39 32 0.999998 -0.114016
40 32 0.999998 -0.114182
41 32 0.999997 -0.114378
42 32 0.999997 -0.114607
43 32 0.999997 -0.114881
44 32 0.999994 -0.115194
45 32 0.999997 -0.115589
46 32 0.999986 -0.116000
47 32 1.000007 -0.116634
48 32 0.999949 -0.117078
49 32 1.000116 -0.118479
50 32 1.000114 -0.118589
0 33 1.000116 -0.118459
1 33 1.000114 -0.118567
2 33 0.999943 -0.117328
3 33 1.000003 -0.116985
4 33 0.999982 -0.116418
5 33 0.999994 -0.116038
6 33 0.999991 -0.115653
7 33 0.999994 -0.115331
8 33 0.999994 -0.115036
9 33 0.999995 -0.114778
10 33 0.999996 -0.114547
11 33 0.999996 -0.114343
12 33 0.999997 -0.114163
13 33 0.999997 -0.114004
14 33 0.999997 -0.113865
15 33 0.999998 -0.113744
16 33 0.999998 -0.113639
17 33 0.999998 -0.113548
18 33 0.999998 -0.113472
19 33 0.999999 -0.113408
20 33 0.999999 -0.113355
21 33 0.999999 -0.113313
22 33 0.999999 -0.113280
23 33 0.999999 -0.113257
24 33 0.999999 -0.113242
25 33 0.999999 -0.113236
26 33 0.999999 -0.113236
27 33 0.999999 -0.113244
28 33 0.999999 -0.113259
29 33 0.999999 -0.113282
30 33 0.999999 -0.113311
31 33 0.999999 -0.113347
32 33 0.999999 -0.113392
33 33 0.999999 -0.113445
34 33 0.999999 -0.113508
35 33 0.999999 -0.113581
36 33 0.999999 -0.113668
37 33 0.999998 -0.113768
38 33 0.999998 -0.113887
39 33 0.999998 -0.114026
40 33 0.999998 -0.114188
41 33 0.999997 -0.114381
42 33 0.999997 -0.114606
43 33 0.999997 -0.114877
44 33 0.999994 -0.115187
45 33 0.999997 -0.115580
46 33 0.999986 -0.115988
47 33 1.000007 -0.116619
48 33 0.999949 -0.117060
49 33 1.000116 -0.118459
50 33 1.000114 -0.118567
0 34 1.000116 -0.118438
1 34 1.000114 -0.118544
2 34 0.999943 -0.117305
3 34 1.000003 -0.116961
4 34 0.999982 -0.116394
5 34 0.999994 -0.116014
6 34 0.999991 -0.115629
7 34 0.999994 -0.115308
8 34 0.999994 -0.115015
9 34 0.999995 -0.114758
10 34 0.999996 -0.114529
11 34 0.999996 -0.114328
12 34 0.999997 -0.114150
13 34 0.999997 -0.113994
14 34 0.999997 -0.113858
15 34 0.999998 -0.113740
16 34 0.999998 -0.113638
17 34 0.999998 -0.113550
18 34 0.999998 -0.113477
19 34 0.999999 -0.113416
20 34 0.999999 -0.113366
21 34 0.999999 -0.113326
22 34 0.999999 -0.113296
23 34 0.999999 -0.113275
24 34 0.999999 -0.113262
25 34 0.999999 -0.113257
26 34 0.999999 -0.113259
27 34 0.999999 -0.113268
28 34 0.999999 -0.113284
29 34 0.999999 -0.113306
30 34 0.999999 -0.113335
31 34 0.999999 -0.113371
32 34 0.999999 -0.113414
33 34 0.999999 -0.113466
34 34 0.999999 -0.113526
35 34 0.999999 -0.113598
36 34 0.999999 -0.113682
37 34 0.999998 -0.113780
38 34 0.999998 -0.113896
39 34 0.999998 -0.114032
40 34 0.999998 -0.114191
41 34 0.999997 -0.114381
42 34 0.999997 -0.114603
43 34 0.999997 -0.114871
44 34 0.999994 -0.115178
45 34 0.999997 -0.115568
46 34 0.999986 -0.115973
47 34 1.000007 -0.116602
48 34 0.999949 -0.117041
49 34 1.000116 -0.118438
50 34 1.000114 -0.118544
0 35 1.000116 -0.118415
1 35 1.000114 -0.118520
2 35 0.999943 -0.117281
3 35 1.000003 -0.116937
4 35 0.999982 -0.116370
5 35 0.999994 -0.115991
6 35 0.999991 -0.115607
7 35 0.999994 -0.115287
8 35 0.999994 -0.114995
9 35 0.999995 -0.114741
10 35 0.999996 -0.114514
11 35 0.999996 -0.114315
12 35 0.999997 -0.114140
13 35 0.999997 -0.113987
14 35 0.999997 -0.113854
15 35 0.999998 -0.113739
16 35 0.999998 -0.113640
17 35 0.999998 -0.113555
18 35 0.999998 -0.113485
19 35 0.999999 -0.113426
20 35 0.999999 -0.113379
21 35 0.999999 -0.113342
22 35 0.999999 -0.113314
23 35 0.999999 -0.113295
24 35 0.999999 -0.113284
25 35 0.999999 -0.113280
26 35 0.999999 -0.113283
27 35 0.999999 -0.113292
28 35 0.999999 -0.113307
29 35 0.999999 -0.113329
30 35 0.999999 -0.113357
31 35 0.999999 -0.113392
32 35 0.999999 -0.113434
33 35 0.999999 -0.113484
34 35 0.999999 -0.113543
35 35 0.999999 -0.113612
36 35 0.999999 -0.113693
37 35 0.999998 -0.113789
38 35 0.999998 -0.113901
39 35 0.999998 -0.114034
40 35 0.999998 -0.114191
41 35 0.999997 -0.114378
42 35 0.999997 -0.114597
43 35 0.999997 -0.114862
44 35 0.999994 -0.115166
45 35 0.999997 -0.115554
46 35 0.999986 -0.115957
47 35 1.000007 -0.116583
48 35 0.999949 -0.117020
49 35 1.000116 -0.118415
50 35 1.000114 -0.118520
0 36 1.000116 -0.118392
1 36 1.000114 -0.118496
2 36 0.999943 -0.117257
3 36 1.000003 -0.116913
4 36 0.999982 -0.116347
5 36 0.999994 -0.115969
6 36 0.999991 -0.115586
7 36 0.999994 -0.115268
8 36 0.999994 -0.114978
9 36 0.999995 -0.114726
10 36 0.999996 -0.114502
11 36 0.999996 -0.114305
12 36 0.999997 -0.114133
13 36 0.999997 -0.113983
14 36 0.999997 -0.113853
15 36 0.999998 -0.113741
16 36 0.999998 -0.113645
17 36 0.999998 -0.113563
18 36 0.999998 -0.113496
19 36 0.999999 -0.113440
20 36 0.999999 -0.113395
21 36 0.999999 -0.113360
22 36 0.999999 -0.113334
23 36 0.999999 -0.113316
24 36 0.999999 -0.113306
25 36 0.999999 -0.113303
26 36 0.999999 -0.113306
27 36 0.999999 -0.113315
28 36 0.999999 -0.113331
29 36 0.999999 -0.113352
30 36 0.999999 -0.113379
31 36 0.999999 -0.113412
32 36 0.999999 -0.113452
33 36 0.999999 -0.113500
34 36 0.999999 -0.113557
35 36 0.999999 -0.113623
36 36 0.999999 -0.113702
37 36 0.999998 -0.113795
38 36 0.999998 -0.113904
39 36 0.999998 -0.114034
40 36 0.999998 -0.114188
41 36 0.999997 -0.114372
42 36 0.999997 -0.114588
43 36 0.999997 -0.114850
44 36 0.999994 -0.115152
45 36 0.999997 -0.115537
46 36 0.999986 -0.115938
47 36 1.000007 -0.116563
48 36 0.999949 -0.116998
49 36 1.000116 -0.118392
50 36 1.000114 -0.118496
0 37 1.000116 -0.118368
1 37 1.000114 -0.118472
2 37 0.999943 -0.117233
3 37 1.000003 -0.116890
4 37 0.999982 -0.116325
5 37 0.999994 -0.115948
6 37 0.999991 -0.115567
7 37 0.999994 -0.115251
8 37 0.999994 -0.114964
9 37 0.999995 -0.114714
10 37 0.999996 -0.114492
11 37 0.999996 -0.114299
12 37 0.999997 -0.114130
13 37 0.999997 -0.113983
14 37 0.999997 -0.113855
15 37 0.999998 -0.113746
16 37 0.999998 -0.113653
17 37 0.999998 -0.113574
18 37 0.999998 -0.113509
19 37 0.999999 -0.113456
20 37 0.999999 -0.113413
21 37 0.999999 -0.113380
22 37 0.999999 -0.113355
23 37 0.999999 -0.113339
24 37 0.999999 -0.113329
25 37 0.999999 -0.113326
26 37 0.999999 -0.113330
27 37 0.999999 -0.113339
28 37 0.999999 -0.113353
29 37 0.999999 -0.113373
30 37 0.999999 -0.113399
31 37 0.999999 -0.113430
32 37 0.999999 -0.113468
33 37 0.999999 -0.113514
34 37 0.999999 -0.113568
35 37 0.999999 -0.113632
36 37 0.999999 -0.113707
37 37 0.999998 -0.113797
38 37 0.999998 -0.113904
39 37 0.999998 -0.114031
40 37 0.999998 -0.114181
41 37 0.999997 -0.114362
42 37 0.999997 -0.114576
43 37 0.999997 -0.114836
44 37 0.999994 -0.115135
45 37 0.999997 -0.115518
46 37 0.999986 -0.115918
47 37 1.000007 -0.116541
48 37 0.999949 -0.116976
49 37 1.000116 -0.118368
50 37 1.000114 -0.118472
0 38 1.000116 -0.118344
1 38 1.000114 -0.118449
2 38 0.999943 -0.117211
3 38 1.000003 -0.116868
4 38 0.999982 -0.116304
5 38 0.999994 -0.115930
6 38 0.999991 -0.115551
7 38 0.999994 -0.115237
8 38 0.999994 -0.114952
9 38 0.999995 -0.114704
10 38 0.999996 -0.114486
11 38 0.999996 -0.114296
12 38 0.999997 -0.114129
13 38 0.999997 -0.113985
14 38 0.999997 -0.113861
15 38 0.999998 -0.113754
16 38 0.999998 -0.113664
17 38 0.999998 -0.113588
18 38 0.999998 -0.113525
19 38 0.999999 -0.113473
20 38 0.999999 -0.113432
21 38 0.999999 -0.113401
22 38 0.999999 -0.113377
23 38 0.999999 -0.113361
24 38 0.999999 -0.113352
25 38 0.999999 -0.113350
26 38 0.999999 -0.113352
27 38 0.999999 -0.113361
28 38 0.999999 -0.113374
29 38 0.999999 -0.113392
30 38 0.999999 -0.113416
31 38 0.999999 -0.113446
32 38 0.999999 -0.113481
33 38 0.999999 -0.113524
34 38 0.999999 -0.113576
35 38 0.999999 -0.113637
36 38 0.999999 -0.113709
37 38 0.999998 -0.113796
38 38 0.999998 -0.113900
39 38 0.999998 -0.114024
40 38 0.999998 -0.114172
41 38 0.999997 -0.114350
42 38 0.999997 -0.114562
43 38 0.999997 -0.114819
44 38 0.999994 -0.115117
45 38 0.999997 -0.115498
46 38 0.999986 -0.115896
47 38 1.000007 -0.116518
48 38 0.999949 -0.116952
49 38 1.000116 -0.118344
50 38 1.000114 -0.118449
0 39 1.000116 -0.118321
1 39 1.000114 -0.118426
2 39 0.999944 -0.117189
3 39 1.000003 -0.116848
4 39 0.999982 -0.116286
5 39 0.999994 -0.115913
6 39 0.999991 -0.115537
7 39 0.999994 -0.115225
8 39 0.999994 -0.114943
9 39 0.999995 -0.114698
10 39 0.999996 -0.114483
11 39 0.999996 -0.114295
12 39 0.999997 -0.114132
13 39 0.999997 -0.113991
14 39 0.999997 -0.113869
15 39 0.999998 -0.113766
16 39 0.999998 -0.113678
17 39 0.999998 -0.113604
18 39 0.999998 -0.113543
19 39 0.999999 -0.113493
20 39 0.999999 -0.113454
21 39 0.999999 -0.113423
22 39 0.999999 -0.113400
23 39 0.999999 -0.113385
24 39 0.999999 -0.113376
25 39 0.999999 -0.113372
26 39 0.999999 -0.113374
27 39 0.999999 -0.113381
28 39 0.999999 -0.113393
29 39 0.999999 -0.113410
30 39 0.999999 -0.113431
31 39 0.999999 -0.113459
32 39 0.999999 -0.113492
33 39 0.999999 -0.113532
34 39 0.999999 -0.113580
35 39 0.999999 -0.113639
36 39 0.999999 -0.113708
37 39 0.999998 -0.113792
38 39 0.999998 -0.113893
39 39 0.999998 -0.114014
40 39 0.999998 -0.114160
41 39 0.999997 -0.114336
42 39 0.999997 -0.114545
43 39 0.999997 -0.114801
44 39 0.999994 -0.115096
45 39 0.999998 -0.115477
46 39 0.999986 -0.115873
47 39 1.000007 -0.116495
48 39 0.999949 -0.116929
49 39 1.000116 -0.118321
50 39 1.000114 -0.118426
0 40 1.000116 -0.118298
1 40 1.000114 -0.118404
2 40 0.999944 -0.117169
3 40 1.000003 -0.116830
4 40 0.999982 -0.116270
5 40 0.999994 -0.115900
6 40 0.999991 -0.115525
7 40 0.999994 -0.115217
8 40 0.999994 -0.114937
9 40 0.999995 -0.114696
10 40 0.999996 -0.114483
11 40 0.999996 -0.114299
12 40 0.999997 -0.114138
13 40 0.999997 -0.114000
14 40 0.999997 -0.113881
15 40 0.999998 -0.113780
16 40 0.999998 -0.113694
17 40 0.999998 -0.113622
18 40 0.999998 -0.113563
19 40 0.999998 -0.113514
20 40 0.999999 -0.113476
21 40 0.999999 -0.113446
22 40 0.999999 -0.113423
23 40 0.999999 -0.113408
24 40 0.999999 -0.113398
25 40 0.999999 -0.113394
26 40 0.999999 -0.113395
27 40 0.999999 -0.113400
28 40 0.999999 -0.113410
29 40 0.999999 -0.113425
30 40 0.999999 -0.113444
31 40 0.999999 -0.113469
32 40 0.999999 -0.113499
33 40 0.999999 -0.113537
34 40 0.999999 -0.113582
35 40 0.999999 -0.113637
36 40 0.999999 -0.113704
37 40 0.999998 -0.113785
38 40 0.999998 -0.113883
39 40 0.999998 -0.114002
40 40 0.999998 -0.114145
41 40 0.999997 -0.114319
42 40 0.999997 -0.114526
43 40 0.999997 -0.114780
44 40 0.999994 -0.115075
45 40 0.999998 -0.115454
46 40 0.999986 -0.115850
47 40 1.000007 -0.116472
48 40 0.999949 -0.116906
49 40 1.000116 -0.118298
50 40 1.000114 -0.118404
0 41 1.000116 -0.118277
1 41 1.000114 -0.118384
2 41 0.999944 -0.117151
3 41 1.000003 -0.116814
4 41 0.999982 -0.116256
5 41 0.999994 -0.115888
6 41 0.999991 -0.115517
7 41 0.999994 -0.115211
8 41 0.999994 -0.114935
9 41 0.999995 -0.114696
10 41 0.999996 -0.114487
11 41 0.999996 -0.114305
12 41 0.999997 -0.114147
13 41 0.999997 -0.114012
14 41 0.999997 -0.113895
15 41 0.999998 -0.113796
16 41 0.999998 -0.113712
17 41 0.999998 -0.113642
18 41 0.999998 -0.113584
19 41 0.999998 -0.113537
20 41 0.999999 -0.113499
21 41 0.999999 -0.113469
22 41 0.999999 -0.113447
23 41 0.999999 -0.113430
24 41 0.999999 -0.113420
25 41 0.999999 -0.113415
26 41 0.999999 -0.113414
27 41 0.999999 -0.113417
28 41 0.999999 -0.113425
29 41 0.999999 -0.113437
30 41 0.999999 -0.113454
31 41 0.999999 -0.113476
32 41 0.999999 -0.113503
33 41 0.999999 -0.113538
34 41 0.999999 -0.113580
35 41 0.999999 -0.113633
36 41 0.999999 -0.113696
37 41 0.999998 -0.113775
38 41 0.999998 -0.113870
39 41 0.999998 -0.113987
40 41 0.999998 -0.114128
41 41 0.999997 -0.114299
42 41 0.999997 -0.114505
43 41 0.999997 -0.114758
44 41 0.999994 -0.115052
45 41 0.999998 -0.115431
46 41 0.999986 -0.115827
47 41 1.000007 -0.116449
48 41 0.999949 -0.116883
49 41 1.000116 -0.118277
50 41 1.000114 -0.118384
0 42 1.000116 -0.118256
1 42 1.000114 -0.118366
2 42 0.999944 -0.117135
3 42 1.000003 -0.116800
4 42 0.999982 -0.116245
5 42 0.999994 -0.115880
6 42 0.999991 -0.115512
7 42 0.999994 -0.115209
8 42 0.999994 -0.114936
9 42 0.999995 -0.114700
10 42 0.999996 -0.114493
11 42 0.999996 -0.114315
12 42 0.999997 -0.114160
13 42 0.999997 -0.114026
14 42 0.999997 -0.113912
15 42 0.999998 -0.113815
16 42 0.999998 -0.113733
17 42 0.999998 -0.113664
18 42 0.999998 -0.113607
19 42 0.999998 -0.113560
20 42 0.999999 -0.113522
21 42 0.999999 -0.113492
22 42 0.999999 -0.113469
23 42 0.999999 -0.113452
24 42 0.999999 -0.113440
25 42 0.999999 -0.113433
26 42 0.999999 -0.113431
27 42 0.999999 -0.113432
28 42 0.999999 -0.113438
29 42 0.999999 -0.113447
30 42 0.999999 -0.113461
31 42 0.999999 -0.113480
32 42 0.999999 -0.113504
33 42 0.999999 -0.113536
34 42 0.999999 -0.113575
35 42 0.999999 -0.113625
36 42 0.999999 -0.113686
37 42 0.999998 -0.113762
38 42 0.999998 -0.113855
39 42 0.999998 -0.113969
40 42 0.999998 -0.114108
41 42 0.999997 -0.114278
42 42 0.999997 -0.114483
43 42 0.999997 -0.114735
44 42 0.999994 -0.115029
45 42 0.999998 -0.115407
46 42 0.999986 -0.115804
47 42 1.000007 -0.116426
48 42 0.999949 -0.116862
49 42 1.000116 -0.118256
50 42 1.000114 -0.118366
0 43 1.000116 -0.118238
1 43 1.000114 -0.118349
2 43 0.999944 -0.117121
3 43 1.000003 -0.116789
4 43 0.999982 -0.116237
5 43 0.999994 -0.115875
6 43 0.999991 -0.115510
7 43 0.999994 -0.115210
8 43 0.999994 -0.114940
9 43 0.999995 -0.114707
10 43 0.999996 -0.114503
11 43 0.999996 -0.114327
12 43 0.999997 -0.114174
13 43 0.999997 -0.114043
14 43 0.999997 -0.113931
15 43 0.999998 -0.113836
16 43 0.999998 -0.113755
17 43 0.999998 -0.113687
18 43 0.999998 -0.113630
19 43 0.999998 -0.113584
20 43 0.999999 -0.113546
21 43 0.999999 -0.113515
22 43 0.999999 -0.113491
23 43 0.999999 -0.113473
24 43 0.999999 -0.113459
25 43 0.999999 -0.113450
26 43 0.999999 -0.113445
27 43 0.999999 -0.113444
28 43 0.999999 -0.113447
29 43 0.999999 -0.113454
30 43 0.999999 -0.113465
31 43 0.999999 -0.113481
32 43 0.999999 -0.113502
33 43 0.999999 -0.113531
34 43 0.999999 -0.113567
35 43 0.999999 -0.113614
36 43 0.999999 -0.113673
37 43 0.999998 -0.113746
38 43 0.999998 -0.113837
39 43 0.999998 -0.113949
40 43 0.999998 -0.114087
41 43 0.999997 -0.114256
42 43 0.999997 -0.114460
43 43 0.999997 -0.114712
44 43 0.999994 -0.115005
45 43 0.999998 -0.115384
46 43 0.999986 -0.115782
47 43 1.000007 -0.116405
48 43 0.999949 -0.116842
49 43 1.000116 -0.118238
50 43 1.000114 -0.118349
0 44 1.000116 -0.118222
1 44 1.000114 -0.118336
2 44 0.999944 -0.117110
3 44 1.000003 -0.116781
4 44 0.999982 -0.116232
5 44 0.999994 -0.115873
6 44 0.999991 -0.115511
7 44 0.999994 -0.115215
8 44 0.999994 -0.114947
9 44 0.999995 -0.114717
10 44 0.999996 -0.114516
11 44 0.999996 -0.114342
12 44 0.999997 -0.114192
13 44 0.999997 -0.114063
14 44 0.999997 -0.113952
15 44 0.999998 -0.113858
16 44 0.999998 -0.113778
17 44 0.999998 -0.113710
18 44 0.999998 -0.113654
19 44 0.999998 -0.113607
20 44 0.999999 -0.113569
21 44 0.999999 -0.113537
22 44 0.999999 -0.113512
23 44 0.999999 -0.113492
24 44 0.999999 -0.113476
25 44 0.999999 -0.113465
26 44 0.999999 -0.113458
27 44 0.999999 -0.113454
28 44 0.999999 -0.113454
29 44 0.999999 -0.113458
30 44 0.999999 -0.113466
31 44 0.999999 -0.113478
32 44 0.999999 -0.113497
33 44 0.999999 -0.113522
34 44 0.999999 -0.113556
35 44 0.999999 -0.113600
36 44 0.999999 -0.113657
37 44 0.999999 -0.113728
38 44 0.999998 -0.113817
39 44 0.999998 -0.113928
40 44 0.999998 -0.114064
41 44 0.999997 -0.114233
42 44 0.999997 -0.114436
43 44 0.999997 -0.114688
44 44 0.999994 -0.114982
45 44 0.999997 -0.115361
46 44 0.999986 -0.115760
47 44 1.000007 -0.116385
48 44 0.999949 -0.116824
49 44 1.000116 -0.118222
50 44 1.000114 -0.118336
0 45 1.000116 -0.118208
1 45 1.000114 -0.118325
2 45 0.999944 -0.117102
3 45 1.000003 -0.116776
4 45 0.999982 -0.116231
5 45 0.999994 -0.115875
6 45 0.999991 -0.115515
7 45 0.999994 -0.115222
8 45 0.999994 -0.114957
9 45 0.999995 -0.114730
10 45 0.999996 -0.114531
11 45 0.999996 -0.114360
12 45 0.999997 -0.114212
13 45 0.999997 -0.114084
14 45 0.999997 -0.113975
15 45 0.999998 -0.113881
16 45 0.999998 -0.113802
17 45 0.999998 -0.113735
18 45 0.999998 -0.113678
19 45 0.999998 -0.113630
20 45 0.999999 -0.113591
21 45 0.999999 -0.113558
22 45 0.999999 -0.113531
23 45 0.999999 -0.113509
24 45 0.999999 -0.113491
25 45 0.999999 -0.113477
26 45 0.999999 -0.113467
27 45 0.999999 -0.113461
28 45 0.999999 -0.113458
29 45 0.999999 -0.113458
30 45 0.999999 -0.113463
31 45 0.999999 -0.113473
32 45 0.999999 -0.113489
33 45 0.999999 -0.113511
34 45 0.999999 -0.113542
35 45 0.999999 -0.113584
36 45 0.999999 -0.113638
37 45 0.999999 -0.113708
38 45 0.999998 -0.113795
39 45 0.999998 -0.113905
40 45 0.999998 -0.114041
41 45 0.999997 -0.114209
42 45 0.999997 -0.114412
43 45 0.999997 -0.114664
44 45 0.999994 -0.114959
45 45 0.999997 -0.115340
46 45 0.999986 -0.115740
47 45 1.000007 -0.116366
48 45 0.999949 -0.116808
49 45 1.000116 -0.118208
50 45 1.000114 -0.118325
0 46 1.000116 -0.118197
1 46 1.000114 -0.118316
2 46 0.999944 -0.117097
3 46 1.000003 -0.116775
4 46 0.999982 -0.116232
5 46 0.999994 -0.115879
6 46 0.999991 -0.115523
7 46 0.999994 -0.115232
8 46 0.999994 -0.114970
9 46 0.999995 -0.114746
10 46 0.999996 -0.114549
11 46 0.999996 -0.114380
12 46 0.999997 -0.114233
13 46 0.999997 -0.114107
14 46 0.999997 -0.113998
15 46 0.999998 -0.113905
16 46 0.999998 -0.113826
17 46 0.999998 -0.113759
18 46 0.999998 -0.113701
19 46 0.999998 -0.113653
20 46 0.999999 -0.113612
21 46 0.999999 -0.113577
22 46 0.999999 -0.113548
23 46 0.999999 -0.113524
24 46 0.999999 -0.113503
25 46 0.999999 -0.113487
26 46 0.999999 -0.113474
27 46 0.999999 -0.113464
28 46 0.999999 -0.113458
29 46 0.999999 -0.113456
30 46 0.999999 -0.113458
31 46 0.999999 -0.113464
32 46 0.999999 -0.113477
33 46 0.999999 -0.113497
34 46 0.999999 -0.113526
35 46 0.999999 -0.113565
36 46 0.999999 -0.113618
37 46 0.999999 -0.113686
38 46 0.999998 -0.113772
39 46 0.999998 -0.113881
40 46 0.999998 -0.114016
41 46 0.999997 -0.114184
42 46 0.999997 -0.114388
43 46 0.999997 -0.114641
44 46 0.999994 -0.114937
45 46 0.999997 -0.115319
46 46 0.999986 -0.115721
47 46 1.000007 -0.116350
48 46 0.999949 -0.116794
49 46 1.000116 -0.118197
50 46 1.000114 -0.118316
0 47 1.000115 -0.118188
1 47 1.000114 -0.118311
2 47 0.999944 -0.117095
3 47 1.000003 -0.116776
4 47 0.999982 -0.116237
5 47 0.999994 -0.115887
6 47 0.999991 -0.115534
7 47 0.999994 -0.115246
8 47 0.999994 -0.114986
9 47 0.999995 -0.114764
10 47 0.999996 -0.114569
11 47 0.999996 -0.114401
12 47 0.999997 -0.114256
13 47 0.999997 -0.114130
14 47 0.999997 -0.114023
15 47 0.999998 -0.113930
16 47 0.999998 -0.113850
17 47 0.999998 -0.113782
18 47 0.999998 -0.113724
19 47 0.999998 -0.113674
20 47 0.999999 -0.113631
21 47 0.999999 -0.113595
22 47 0.999999 -0.113563
23 47 0.999999 -0.113536
24 47 0.999999 -0.113513
25 47 0.999999 -0.113494
26 47 0.999999 -0.113478
27 47 0.999999 -0.113465
28 47 0.999999 -0.113456
29 47 0.999999 -0.113450
30 47 0.999999 -0.113449
31 47 0.999999 -0.113453
32 47 0.999999 -0.113463
33 47 0.999999 -0.113481
34 47 0.999999 -0.113507
35 47 0.999999 -0.113545
36 47 0.999999 -0.113596
37 47 0.999999 -0.113662
38 47 0.999998 -0.113748
39 47 0.999998 -0.113856
40 47 0.999998 -0.113992
41 47 0.999997 -0.114160
42 47 0.999997 -0.114365
43 47 0.999997 -0.114619
44 47 0.999994 -0.114916
45 47 0.999997 -0.115300
46 47 0.999986 -0.115704
47 47 1.000007 -0.116336
48 47 0.999949 -0.116782
49 47 1.000115 -0.118188
50 47 1.000114 -0.118311
0 48 1.000115 -0.118183
1 48 1.000114 -0.118309
2 48 0.999944 -0.117097
3 48 1.000003 -0.116781
4 48 0.999982 -0.116244
5 48 0.999994 -0.115898
6 48 0.999991 -0.115547
7 48 0.999994 -0.115262
8 48 0.999994 -0.115004
9 48 0.999995 -0.114784
10 48 0.999996 -0.114591
11 48 0.999996 -0.114424
12 48 0.999997 -0.114280
13 48 0.999997 -0.114155
14 48 0.999997 -0.114047
15 48 0.999998 -0.113954
16 48 0.999998 -0.113874
17 48 0.999998 -0.113805
18 48 0.999998 -0.113745
19 48 0.999998 -0.113694
20 48 0.999999 -0.113649
21 48 0.999999 -0.113610
22 48 0.999999 -0.113576
23 48 0.999999 -0.113546
24 48 0.999999 -0.113520
25 48 0.999999 -0.113498
26 48 0.999999 -0.113478
27 48 0.999999 -0.113462
28 48 0.999999 -0.113450
29 48 0.999999 -0.113442
30 48 0.999999 -0.113438
31 48 0.999999 -0.113439
32 48 0.999999 -0.113447
33 48 0.999999 -0.113462
34 48 0.999999 -0.113487
35 48 0.999999 -0.113523
36 48 0.999999 -0.113572
37 48 0.999999 -0.113638
38 48 0.999998 -0.113723
39 48 0.999998 -0.113832
40 48 0.999998 -0.113968
41 48 0.999997 -0.114137
42 48 0.999997 -0.114342
43 48 0.999997 -0.114598
44 48 0.999994 -0.114897
45 48 0.999997 -0.115283
46 48 0.999986 -0.115690
47 48 1.000007 -0.116324
48 48 0.999949 -0.116774
49 48 1.000115 -0.118183
50 48 1.000114 -0.118309
0 49 1.000115 -0.118180
1 49 1.000113 -0.118310
2 49 0.999943 -0.117101
3 49 1.000003 -0.116788
4 49 0.999982 -0.116255
5 49 0.999994 -0.115911
6 49 0.999991 -0.115562
7 49 0.999994 -0.115279
8 49 0.999994 -0.115024
9 49 0.999995 -0.114805
10 49 0.999996 -0.114614
11 49 0.999996 -0.114448
12 49 0.999997 -0.114304
13 49 0.999997 -0.114180
14 49 0.999997 -0.114072
15 49 0.999998 -0.113978
16 49 0.999998 -0.113897
17 49 0.999998 -0.113826
18 49 0.999998 -0.113765
19 49 0.999998 -0.113711
20 49 0.999999 -0.113664
21 49 0.999999 -0.113623
22 49 0.999999 -0.113586
23 49 0.999999 -0.113553
24 49 0.999999 -0.113524
25 49 0.999999 -0.113498
26 49 0.999999 -0.113476
27 49 0.999999 -0.113457
28 49 0.999999 -0.113441
29 49 0.999999 -0.113430
30 49 0.999999 -0.113423
31 49 0.999999 -0.113422
32 49 0.999999 -0.113428
33 49 0.999999 -0.113441
34 49 0.999999 -0.113464
35 49 0.999999 -0.113499
36 49 0.999999 -0.113548
37 49 0.999999 -0.113613
38 49 0.999998 -0.113699
39 49 0.999998 -0.113808
40 49 0.999998 -0.113944
41 49 0.999998 -0.114114
42 49 0.999997 -0.114322
43 49 0.999997 -0.114579
44 49 0.999994 -0.114881
45 49 0.999997 -0.115270
46 49 0.999986 -0.115679
47 49 1.000007 -0.116316
48 49 0.999948 -0.116768
49 49 1.000115 -0.118180
50 49 1.000113 -0.118310
0 50 1.000115 -0.118182
1 50 1.000113 -0.118314
2 50 0.999943 -0.117108
3 50 1.000003 -0.116797
4 50 0.999982 -0.116266
5 50 0.999994 -0.115925
6 50 0.999991 -0.115579
7 50 0.999994 -0.115298
8 50 0.999994 -0.115045
9 50 0.999995 -0.114828
10 50 0.999996 -0.114637
11 50 0.999996 -0.114472
12 50 0.999997 -0.114328
13 50 0.999997 -0.114204
14 50 0.999997 -0.114095
15 50 0.999998 -0.114001
16 50 0.999998 -0.113918
17 50 0.999998 -0.113846
18 50 0.999998 -0.113783
19 50 0.999998 -0.113727
20 50 0.999999 -0.113677
21 50 0.999999 -0.113633
22 50 0.999999 -0.113593
23 50 0.999999 -0.113557
24 50 0.999999 -0.113525
25 50 0.999999 -0.113496
26 50 0.999999 -0.113471
27 50 0.999999 -0.113448
28 50 0.999999 -0.113430
29 50 0.999999 -0.113416
30 50 0.999999 -0.113407
31 50 0.999999 -0.113403
32 50 0.999999 -0.113407
33 50 0.999999 -0.113419
34 50 0.999999 -0.113441
35 50 0.999999 -0.113475
36 50 0.999999 -0.113523
37 50 0.999999 -0.113589
38 50 0.999998 -0.113675
39 50 0.999998 -0.113784
40 50 0.999998 -0.113922
41 50 0.999998 -0.114094
42 50 0.999997 -0.114304
43 50 0.999997 -0.114563
44 50 0.999994 -0.114867
45 50 0.999998 -0.115259
46 50 0.999986 -0.115671
47 50 1.000007 -0.116311
48 50 0.999949 -0.116767
49 50 1.000115 -0.118182
50 50 1.000113 -0.118314
